# masse: 1
# raumintervall: 1000
# zeitintervall: 1000
# zeitpunkte: 10000
# raumpunkte: 10
# ordnung: 50
# Präzision: f64
# Wiederholungen: 1
# Zeitpunkte Änderung: 50 Gesamtmessungen: 1
# Raumpunkte Änderung: 10 Gesamtmessungen: 380
# Ordnung Änderung: 1 Gesamtmessungen: 1
# Masse Änderung: 1 Gesamtmessungen: 1
# Plotte:
#Masse Ordnung Zeitpunkte Raumpunkte Zeit mittel_abw_betr_num_anal  mittel_betr_anal norm_betr_num

1 50 10000 10 1000.0000000001588 0.02463542309076889 0.021887639503315952 0.4999228621200316 
1 50 10000 20 1000.0000000001588 0.03531778467915762 0.027247539645658812 1.266432182020248 
1 50 10000 30 1000.0000000001588 0.029004173491294832 0.02622081569367926 1.020070841107586 
1 50 10000 40 1000.0000000001588 0.028970475218613706 0.028140158570434632 1.0021775128813057 
1 50 10000 50 1000.0000000001588 0.027725898968665962 0.027663284990891542 1.0029730728345998 
1 50 10000 60 1000.0000000001588 0.025842171887671787 0.027795906006796198 1.000000000000002 
1 50 10000 70 1000.0000000001588 0.024618907033631836 0.028181429569448885 1.0000000000000029 
1 50 10000 80 1000.0000000001588 0.021932769871786807 0.028244574222009135 1.0000000000000042 
1 50 10000 90 1000.0000000001588 0.020924048319767585 0.02818637543135845 1.0000000000000002 
1 50 10000 100 1000.0000000001588 0.01760696360365937 0.028266285920450846 1.0000000000000007 
1 50 10000 110 1000.0000000001588 0.015586148302284287 0.028247144868615508 1.0000000000000013 
1 50 10000 120 1000.0000000001588 0.013551395306643232 0.028282935377372205 1.0000000000000009 
1 50 10000 130 1000.0000000001588 0.011769875795602586 0.02824203663487716 0.9999999999999987 
1 50 10000 140 1000.0000000001588 0.010441170585867904 0.028230959200217867 0.9999999999999998 
1 50 10000 150 1000.0000000001588 0.009134011465396457 0.028264135255594888 0.9999999999999989 
1 50 10000 160 1000.0000000001588 0.008130511913622419 0.028270522949244134 1.000000000000001 
1 50 10000 170 1000.0000000001588 0.007269316160992551 0.028282455983322415 1.0000000000000038 
1 50 10000 180 1000.0000000001588 0.006489191667352321 0.02823076331251468 1.0000000000000009 
1 50 10000 190 1000.0000000001588 0.005864599301643795 0.02827205110911152 1.0000000000000007 
1 50 10000 200 1000.0000000001588 0.005304852757640162 0.028290079183293137 1.0000000000000022 
1 50 10000 210 1000.0000000001588 0.004825283213507443 0.028276077328324087 1.0000000000000024 
1 50 10000 220 1000.0000000001588 0.0044176604986778 0.02827400360052329 0.9999999999999983 
1 50 10000 230 1000.0000000001588 0.004042274331622031 0.02827013385504603 0.9999999999999992 
1 50 10000 240 1000.0000000001588 0.003719880116723126 0.02828673177017746 1.0000000000000018 
1 50 10000 250 1000.0000000001588 0.0034300977409718624 0.028287988513230406 1.0000000000000007 
1 50 10000 260 1000.0000000001588 0.0031717263400308214 0.02828426963342026 0.9999999999999978 
1 50 10000 270 1000.0000000001588 0.002946903930522823 0.028275189263446587 0.9999999999999977 
1 50 10000 280 1000.0000000001588 0.002740951721740808 0.028283247753957946 0.999999999999998 
1 50 10000 290 1000.0000000001588 0.0025577941396061257 0.028296245721694504 1.0000000000000007 
1 50 10000 300 1000.0000000001588 0.0023912920419264837 0.02829090894148519 1.0000000000000007 
1 50 10000 310 1000.0000000001588 0.0022397511774130854 0.028280714350155212 0.9999999999999987 
1 50 10000 320 1000.0000000001588 0.0021026914735828915 0.028289943391306006 0.9999999999999993 
1 50 10000 330 1000.0000000001588 0.0019772750962373576 0.028293881974286186 0.9999999999999997 
1 50 10000 340 1000.0000000001588 0.0018641001223335027 0.02829427925070855 1.0000000000000002 
1 50 10000 350 1000.0000000001588 0.0017593377721492687 0.028290458780947835 0.9999999999999986 
1 50 10000 360 1000.0000000001588 0.0016633033011662142 0.02828848948764025 0.9999999999999989 
1 50 10000 370 1000.0000000001588 0.0015748124912829176 0.028293933257919904 0.9999999999999989 
1 50 10000 380 1000.0000000001588 0.001492936848672105 0.028296788456530487 1.0000000000000004 
1 50 10000 390 1000.0000000001588 0.0014181374218914437 0.02829614784581233 0.999999999999998 
1 50 10000 400 1000.0000000001588 0.0013479116194329648 0.02828820975383962 0.9999999999999993 
1 50 10000 410 1000.0000000001588 0.0012830553453039158 0.02829490665740729 1.0000000000000036 
1 50 10000 420 1000.0000000001588 0.001222850808211924 0.028298691474625305 0.9999999999999993 
1 50 10000 430 1000.0000000001588 0.001166527882521676 0.02829681887723078 1.0000000000000004 
1 50 10000 440 1000.0000000001588 0.0011146720087453039 0.02829399392847536 1.0000000000000004 
1 50 10000 450 1000.0000000001588 0.0010655861663730506 0.028294624905940407 0.9999999999999972 
1 50 10000 460 1000.0000000001588 0.0010196213235109785 0.02829801206817043 0.9999999999999986 
1 50 10000 470 1000.0000000001588 0.0009767788049307607 0.028298587182409185 1.000000000000002 
1 50 10000 480 1000.0000000001588 0.0009363901980017583 0.02829727522883716 1.000000000000002 
1 50 10000 490 1000.0000000001588 0.0008988684608274296 0.02829393114555638 0.9999999999999977 
1 50 10000 500 1000.0000000001588 0.0008633079701096322 0.02829741880155273 0.9999999999999982 
1 50 10000 510 1000.0000000001588 0.0008296777695670399 0.0282999522267191 0.9999999999999993 
1 50 10000 520 1000.0000000001588 0.000798129697018833 0.028298741507659105 0.9999999999999987 
1 50 10000 530 1000.0000000001588 0.0007681951722310856 0.028295377573846838 1.0000000000000002 
1 50 10000 540 1000.0000000001588 0.0007401088146635494 0.028297757619614547 0.9999999999999986 
1 50 10000 550 1000.0000000001588 0.0007134963135404906 0.02829969911517142 0.9999999999999986 
1 50 10000 560 1000.0000000001588 0.0006881890138104508 0.028299403753506147 1.0000000000000004 
1 50 10000 570 1000.0000000001588 0.0006642803096231329 0.028298029946727813 0.9999999999999998 
1 50 10000 580 1000.0000000001588 0.0006415292576138396 0.02829700766952206 0.9999999999999982 
1 50 10000 590 1000.0000000001588 0.0006199967678260724 0.028299188409873933 0.9999999999999998 
1 50 10000 600 1000.0000000001588 0.0005995337455987377 0.028300220457753246 0.999999999999999 
1 50 10000 610 1000.0000000001588 0.000580012544072891 0.028299436630397072 1 
1 50 10000 620 1000.0000000001588 0.0005614530919905561 0.028296762523768584 0.9999999999999981 
1 50 10000 630 1000.0000000001588 0.0005437534334866075 0.028299020983176 1.0000000000000009 
1 50 10000 640 1000.0000000001588 0.0005269045165586971 0.028300508391496854 1.0000000000000004 
1 50 10000 650 1000.0000000001588 0.0005108412559064994 0.02829984453803962 0.9999999999999993 
1 50 10000 660 1000.0000000001588 0.0004954734553806862 0.028298349629641933 1.0000000000000022 
1 50 10000 670 1000.0000000001588 0.00048078237978880703 0.028298679168725017 1 
1 50 10000 680 1000.0000000001588 0.0004667281961662731 0.028300071615677103 1.0000000000000002 
1 50 10000 690 1000.0000000001588 0.0004532963968560981 0.028300364764361246 1 
1 50 10000 700 1000.0000000001588 0.00044045985810306693 0.02829955975287762 0.9999999999999999 
1 50 10000 710 1000.0000000001588 0.0004281458038426761 0.028298097229522395 1.0000000000000004 
1 50 10000 720 1000.0000000001588 0.00041633357779156244 0.028299746463946382 1.0000000000000024 
1 50 10000 730 1000.0000000001588 0.0004049899828574789 0.02830069247209738 0.9999999999999981 
1 50 10000 740 1000.0000000001588 0.00039410326611651503 0.028300135479274947 0.9999999999999988 
1 50 10000 750 1000.0000000001588 0.00038367877509498714 0.02829856440063377 1.0000000000000007 
1 50 10000 760 1000.0000000001588 0.0003736536548957368 0.02829957267718129 0.9999999999999991 
1 50 10000 770 1000.0000000001588 0.00036401667552852146 0.028300549016950186 1.000000000000001 
1 50 10000 780 1000.0000000001588 0.0003547363761510547 0.028300418019708968 0.9999999999999981 
1 50 10000 790 1000.0000000001588 0.000345795216870925 0.028299604461019815 1.0000000000000007 
1 50 10000 800 1000.0000000001588 0.0003372134440327402 0.02829911784999361 0.999999999999999 
1 50 10000 810 1000.0000000001588 0.0003289390570078413 0.028300256985031844 1 
1 50 10000 820 1000.0000000001588 0.00032096754575543907 0.028300726983213086 1.0000000000000013 
1 50 10000 830 1000.0000000001588 0.00031327924453239907 0.028300228108820595 1.0000000000000009 
1 50 10000 840 1000.0000000001588 0.00030584924856236624 0.02829895747986274 0.9999999999999993 
1 50 10000 850 1000.0000000001588 0.0002987012198870649 0.028300071847057396 1.0000000000000002 
1 50 10000 860 1000.0000000001588 0.0002917968113764112 0.028300800558433946 1.0000000000000022 
1 50 10000 870 1000.0000000001588 0.00028512711224047574 0.02830050582193356 0.9999999999999993 
1 50 10000 880 1000.0000000001588 0.00027868441174254893 0.028299636372988674 1.0000000000000004 
1 50 10000 890 1000.0000000001588 0.0002724425576225778 0.028299817606408265 0.9999999999999976 
1 50 10000 900 1000.0000000001588 0.00026642339038164417 0.02830061219933615 0.9999999999999989 
1 50 10000 910 1000.0000000001588 0.00026060308339411766 0.02830076091138167 1.0000000000000004 
1 50 10000 920 1000.0000000001588 0.0002549685369512461 0.02830025658221733 0.9999999999999996 
1 50 10000 930 1000.0000000001588 0.000249517688170632 0.028299509105521016 1.000000000000002 
1 50 10000 940 1000.0000000001588 0.0002442256111929707 0.028300438438024173 0.9999999999999996 
1 50 10000 950 1000.0000000001588 0.00023910841018237564 0.02830091732339165 1.0000000000000009 
1 50 10000 960 1000.0000000001588 0.00023415359776357935 0.0283006004384588 0.9999999999999998 
1 50 10000 970 1000.0000000001588 0.00022935018321505044 0.02829974201357858 1.0000000000000022 
1 50 10000 980 1000.0000000001588 0.00022469734317301281 0.028300283788825726 1.0000000000000009 
1 50 10000 990 1000.0000000001588 0.0002201738155191109 0.028300867146758005 0.9999999999999998 
1 50 10000 1000 1000.0000000001588 0.00021578924546734605 0.028300809177741453 1.0000000000000004 
1 50 10000 1010 1000.0000000001588 0.00021153582710488873 0.028300283044057635 0.9999999999999999 
1 50 10000 1020 1000.0000000001588 0.00020740709815893563 0.02830003556192358 0.9999999999999997 
1 50 10000 1030 1000.0000000001588 0.00020340228506760596 0.02830072677562939 1.0000000000000013 
1 50 10000 1040 1000.0000000001588 0.0001995048303335557 0.028300985173107276 1.0000000000000016 
1 50 10000 1050 1000.0000000001588 0.00019572043806802337 0.02830065710030985 1 
1 50 10000 1060 1000.0000000001588 0.00019204285873650144 0.02829995876759835 1.0000000000000009 
1 50 10000 1070 1000.0000000001588 0.00018846875067151622 0.028300603802600664 1.0000000000000004 
1 50 10000 1080 1000.0000000001588 0.00018499716870310558 0.028301027939611926 1.0000000000000004 
1 50 10000 1090 1000.0000000001588 0.00018161468021142243 0.028300867986032627 0.9999999999999991 
1 50 10000 1100 1000.0000000001588 0.0001783252890707107 0.028300316914882325 1.0000000000000002 
1 50 10000 1110 1000.0000000001588 0.00017512416932232965 0.028300434901707517 0.9999999999999971 
1 50 10000 1120 1000.0000000001588 0.00017200928475812714 0.028300941986524518 0.9999999999999992 
1 50 10000 1130 1000.0000000001588 0.00016898085222925862 0.028301027810248257 1.000000000000001 
1 50 10000 1140 1000.0000000001588 0.0001660270102107675 0.028300682168313118 1.0000000000000016 
1 50 10000 1150 1000.0000000001588 0.00016315015347106407 0.028300260306586594 0.9999999999999982 
1 50 10000 1160 1000.0000000001588 0.0001603468085826405 0.028300834997674697 1.0000000000000024 
1 50 10000 1170 1000.0000000001588 0.00015761495249692762 0.028301114306329127 0.9999999999999987 
1 50 10000 1180 1000.0000000001588 0.0001549568176904578 0.028300909599623447 0.9999999999999981 
1 50 10000 1190 1000.0000000001588 0.00015236227053808414 0.028300381074572736 0.9999999999999989 
1 50 10000 1200 1000.0000000001588 0.00014983209991210514 0.02830071275243271 0.9999999999999997 
1 50 10000 1210 1000.0000000001588 0.00014736396153458204 0.02830108815583581 0.9999999999999992 
1 50 10000 1220 1000.0000000001588 0.00014495505187210643 0.028301054587393834 1.0000000000000018 
1 50 10000 1230 1000.0000000001588 0.0001426086898059723 0.028300688960106825 1.0000000000000016 
1 50 10000 1240 1000.0000000001588 0.00014031715583652515 0.028300550942347277 0.9999999999999989 
1 50 10000 1250 1000.0000000001588 0.00013807992530593345 0.0283010023214934 0.9999999999999988 
1 50 10000 1260 1000.0000000001588 0.00013589574974258575 0.028301155182274843 0.9999999999999986 
1 50 10000 1270 1000.0000000001588 0.0001337613627535947 0.02830092422561011 1.0000000000000004 
1 50 10000 1280 1000.0000000001588 0.00013167981941783922 0.028300498198811815 0.9999999999999964 
1 50 10000 1290 1000.0000000001588 0.00012964592588882723 0.02830090496485841 1.0000000000000007 
1 50 10000 1300 1000.0000000001588 0.00012765802459697894 0.028301174655604694 1.0000000000000004 
1 50 10000 1310 1000.0000000001588 0.00012571566053798752 0.02830107061765601 1.0000000000000022 
1 50 10000 1320 1000.0000000001588 0.00012381576626601333 0.028300695990886852 0.999999999999999 
1 50 10000 1330 1000.0000000001588 0.00012196054289596868 0.028300778453398172 0.9999999999999987 
1 50 10000 1340 1000.0000000001588 0.00012014708936542167 0.028301121102805037 0.9999999999999988 
1 50 10000 1350 1000.0000000001588 0.00011837301145388316 0.02830117158721468 0.9999999999999983 
1 50 10000 1360 1000.0000000001588 0.00011663807234089809 0.028300921036011995 0.9999999999999997 
1 50 10000 1370 1000.0000000001588 0.00011493963180261223 0.02830066383013137 0.9999999999999997 
1 50 10000 1380 1000.0000000001588 0.00011327899272685732 0.028301042349395285 0.9999999999999993 
1 50 10000 1390 1000.0000000001588 0.00011165498929633435 0.02830121980502864 0.9999999999999999 
1 50 10000 1400 1000.0000000001588 0.00011006516904912055 0.028301075551297312 1.0000000000000016 
1 50 10000 1410 1000.0000000001588 0.00010850922277671572 0.028300725579994922 1.000000000000002 
1 50 10000 1420 1000.0000000001588 0.00010698490966140611 0.02830094558349037 1.000000000000002 
1 50 10000 1430 1000.0000000001588 0.00010549273906248737 0.028301201643392924 1.0000000000000002 
1 50 10000 1440 1000.0000000001588 0.00010403249804297998 0.02830117743775293 1.0000000000000009 
1 50 10000 1450 1000.0000000001588 0.00010260216518822152 0.028300912978295487 1.000000000000001 
1 50 10000 1460 1000.0000000001588 0.00010120134364523099 0.028300832936771613 0.9999999999999992 
1 50 10000 1470 1000.0000000001588 0.00009982818200082429 0.028301143585199667 0.9999999999999992 
1 50 10000 1480 1000.0000000001588 0.00009848263588479016 0.02830124106547339 1.0000000000000013 
1 50 10000 1490 1000.0000000001588 0.0000971648536799462 0.028301071552908404 0.9999999999999999 
1 50 10000 1500 1000.0000000001588 0.0000958733318296137 0.028300795003434014 0.9999999999999983 
1 50 10000 1510 1000.0000000001588 0.00009460762399940668 0.028301068889215342 1.000000000000001 
1 50 10000 1520 1000.0000000001588 0.00009336621889455165 0.028301252645432675 1.0000000000000007 
1 50 10000 1530 1000.0000000001588 0.00009214874960347155 0.02830117868559359 1.0000000000000013 
1 50 10000 1540 1000.0000000001588 0.000090955488248762 0.028300913221019037 0.9999999999999982 
1 50 10000 1550 1000.0000000001588 0.00008978535352242064 0.028300976101183272 0.9999999999999994 
1 50 10000 1560 1000.0000000001588 0.00008863793645405404 0.028301218582198116 0.9999999999999997 
1 50 10000 1570 1000.0000000001588 0.00008751196445716891 0.028301250060214573 0.9999999999999992 
1 50 10000 1580 1000.0000000001588 0.00008640684727121824 0.028301063407417316 1.0000000000000013 
1 50 10000 1590 1000.0000000001588 0.00008532289877622538 0.028300899086609703 0.9999999999999997 
1 50 10000 1600 1000.0000000001588 0.00008425932332629597 0.028301161875801395 0.9999999999999994 
1 50 10000 1610 1000.0000000001588 0.00008321586743826662 0.028301282638803656 1.0000000000000002 
1 50 10000 1620 1000.0000000001588 0.00008219146565502798 0.028301176192365635 0.9999999999999999 
1 50 10000 1630 1000.0000000001588 0.00008118535242467477 0.02830093395860258 0.9999999999999973 
1 50 10000 1640 1000.0000000001588 0.0000801978135172708 0.028301089133871398 1.0000000000000018 
1 50 10000 1650 1000.0000000001588 0.00007922820219660072 0.028301272150498973 1.0000000000000007 
1 50 10000 1660 1000.0000000001588 0.00007827644649916505 0.02830125295302413 0.9999999999999979 
1 50 10000 1670 1000.0000000001588 0.00007734172023289895 0.028301056702977005 1.0000000000000009 
1 50 10000 1680 1000.0000000001588 0.00007642315613294685 0.02830100999577924 1.0000000000000016 
1 50 10000 1690 1000.0000000001588 0.00007552097698654174 0.02830123256982719 0.9999999999999982 
1 50 10000 1700 1000.0000000001588 0.00007463461077958272 0.028301298546065636 0.9999999999999992 
1 50 10000 1710 1000.0000000001588 0.00007376408135968118 0.028301170331650728 1 
1 50 10000 1720 1000.0000000001588 0.00007290882261895413 0.028300982904515798 1.0000000000000024 
1 50 10000 1730 1000.0000000001588 0.00007206793222949465 0.02830117643603916 1.0000000000000013 
1 50 10000 1740 1000.0000000001588 0.00007124156165502633 0.02830130775853241 0.9999999999999983 
1 50 10000 1750 1000.0000000001588 0.0000704292127444011 0.02830125186707135 1 
1 50 10000 1760 1000.0000000001588 0.00006963091007862213 0.028301057864291716 1.0000000000000027 
1 50 10000 1770 1000.0000000001588 0.00006884634258584729 0.028301107999343773 0.9999999999999986 
1 50 10000 1780 1000.0000000001588 0.00006807461761033462 0.02830128525552772 1.0000000000000007 
1 50 10000 1790 1000.0000000001588 0.00006731579812147906 0.02830130530195297 1.0000000000000013 
1 50 10000 1800 1000.0000000001588 0.00006656946970212358 0.02830116282548235 0.9999999999999992 
1 50 10000 1810 1000.0000000001588 0.00006583560429729117 0.02830105388710087 1.000000000000001 
1 50 10000 1820 1000.0000000001588 0.00006511411765983077 0.02830124326193559 1.000000000000002 
1 50 10000 1830 1000.0000000001588 0.00006440418428978332 0.028301329131050827 0.9999999999999996 
1 50 10000 1840 1000.0000000001588 0.00006370576619118804 0.028301247360793324 1.000000000000001 
1 50 10000 1850 1000.0000000001588 0.00006301852132140194 0.028301073863679912 1.0000000000000009 
1 50 10000 1860 1000.0000000001588 0.00006234234577300344 0.02830118775138478 0.9999999999999998 
1 50 10000 1870 1000.0000000001588 0.00006167731545011616 0.028301322628076008 1.0000000000000022 
1 50 10000 1880 1000.0000000001588 0.00006102273600030404 0.028301306133305334 1.0000000000000009 
1 50 10000 1890 1000.0000000001588 0.000060378480790709664 0.028301157026810502 1.0000000000000033 
1 50 10000 1900 1000.0000000001588 0.00005974426789301026 0.028301129790589713 0.9999999999999986 
1 50 10000 1910 1000.0000000001588 0.00005911992049436366 0.028301293818859246 1.0000000000000002 
1 50 10000 1920 1000.0000000001588 0.00005850558563531305 0.028301340054509426 1.0000000000000016 
1 50 10000 1930 1000.0000000001588 0.000057900734709973244 0.028301240372700587 1.0000000000000029 
1 50 10000 1940 1000.0000000001588 0.00005730517722569535 0.02830110891148435 1.0000000000000009 
1 50 10000 1950 1000.0000000001588 0.00005671868271480946 0.02830125044814658 1.0000000000000013 
1 50 10000 1960 1000.0000000001588 0.00005614102629046404 0.028301347266826142 0.9999999999999968 
1 50 10000 1970 1000.0000000001588 0.00005557235791188598 0.02830130299033028 0.9999999999999983 
1 50 10000 1980 1000.0000000001588 0.00005501231274565408 0.028301157654169535 1.0000000000000007 
1 50 10000 1990 1000.0000000001588 0.00005446066455980882 0.028301198458924835 0.9999999999999999 
1 50 10000 2000 1000.0000000001588 0.00005391721910557237 0.028301331173903054 1.0000000000000022 
1 50 10000 2010 1000.0000000001588 0.00005338172832267924 0.02830134385155547 1.0000000000000002 
1 50 10000 2020 1000.0000000001588 0.00005285431031918794 0.028301232847253676 0.9999999999999994 
1 50 10000 2030 1000.0000000001588 0.00005233473847493751 0.02830115853052203 1 
1 50 10000 2040 1000.0000000001588 0.000051822786094426037 0.028301298959117305 1.0000000000000002 
1 50 10000 2050 1000.0000000001588 0.0000513182807895344 0.02830136193753865 1.000000000000001 
1 50 10000 2060 1000.0000000001588 0.000050820965515423226 0.02830129723553188 0.9999999999999996 
1 50 10000 2070 1000.0000000001588 0.00005033091134650887 0.028301169750394036 0.9999999999999998 
1 50 10000 2080 1000.0000000001588 0.00004984798989332321 0.028301255881084782 0.9999999999999982 
1 50 10000 2090 1000.0000000001588 0.000049372005638793246 0.0283013576700394 0.9999999999999987 
1 50 10000 2100 1000.0000000001588 0.00004890280532629534 0.028301343020481838 0.9999999999999977 
1 50 10000 2110 1000.0000000001588 0.000048440133643844875 0.02830122767653967 1.0000000000000002 
1 50 10000 2120 1000.0000000001588 0.00004798401180753232 0.02830121223949457 1.0000000000000018 
1 50 10000 2130 1000.0000000001588 0.000047534368083686756 0.02830133597957854 1.000000000000001 
1 50 10000 2140 1000.0000000001588 0.000047091050149702574 0.02830136928069099 1.0000000000000007 
1 50 10000 2150 1000.0000000001588 0.00004665392876377219 0.028301290236122885 1.0000000000000009 
1 50 10000 2160 1000.0000000001588 0.00004622275986034714 0.028301195701306698 0.9999999999999988 
1 50 10000 2170 1000.0000000001588 0.000045797521463278586 0.02830130215266858 0.9999999999999988 
1 50 10000 2180 1000.0000000001588 0.00004537816984014852 0.02830137532527803 1.0000000000000004 
1 50 10000 2190 1000.0000000001588 0.000044964589990035896 0.028301339247350947 0.9999999999999992 
1 50 10000 2200 1000.0000000001588 0.00004455668251307859 0.028301228385924335 0.9999999999999981 
1 50 10000 2210 1000.0000000001588 0.00004415422026331091 0.028301262155926047 0.9999999999999993 
1 50 10000 2220 1000.0000000001588 0.00004375714639886888 0.028301363581060942 1.0000000000000002 
1 50 10000 2230 1000.0000000001588 0.000043365430265567894 0.028301371491115588 0.9999999999999992 
1 50 10000 2240 1000.0000000001588 0.00004297898181255103 0.028301283685016942 1.000000000000001 
1 50 10000 2250 1000.0000000001588 0.000042597735833603256 0.02830123199071617 0.9999999999999982 
1 50 10000 2260 1000.0000000001588 0.000042221487387723585 0.028301338635147617 1 
1 50 10000 2270 1000.0000000001588 0.00004185015095959859 0.028301385979662298 0.9999999999999978 
1 50 10000 2280 1000.0000000001588 0.00004148370024030251 0.028301333741146354 0.9999999999999986 
1 50 10000 2290 1000.0000000001588 0.00004112205773412076 0.02830123826898457 0.9999999999999992 
1 50 10000 2300 1000.0000000001588 0.000040765190988833696 0.02830130501046609 0.999999999999999 
1 50 10000 2310 1000.0000000001588 0.000040412925414572364 0.028301383342467252 1.0000000000000002 
1 50 10000 2320 1000.0000000001588 0.00004006515367545381 0.028301370205803214 1.0000000000000009 
1 50 10000 2330 1000.0000000001588 0.000039721848266494754 0.02830127972164564 0.9999999999999998 
1 50 10000 2340 1000.0000000001588 0.00003938293523119099 0.028301271606389466 1.0000000000000018 
1 50 10000 2350 1000.0000000001588 0.0000390484050797832 0.028301366793918592 1.0000000000000007 
1 50 10000 2360 1000.0000000001588 0.000038718121024462815 0.028301391276959777 0.9999999999999969 
1 50 10000 2370 1000.0000000001588 0.00003839196243467086 0.028301327633402148 1.0000000000000029 
1 50 10000 2380 1000.0000000001588 0.000038069898009707086 0.02830125834364615 0.9999999999999981 
1 50 10000 2390 1000.0000000001588 0.000037751854033463874 0.028301340229747028 0.999999999999997 
1 50 10000 2400 1000.0000000001588 0.00003743783053430141 0.02830139659490878 0.9999999999999989 
1 50 10000 2410 1000.0000000001588 0.000037127731034613654 0.028301366617406204 1.0000000000000007 
1 50 10000 2420 1000.0000000001588 0.000036821430478057327 0.02830128081805936 1 
1 50 10000 2430 1000.0000000001588 0.00003651889220941839 0.028301309073664828 0.9999999999999978 
1 50 10000 2440 1000.0000000001588 0.00003622004337800754 0.02830138788880227 0.9999999999999989 
1 50 10000 2450 1000.0000000001588 0.000035924882613774225 0.028301392615937924 1.0000000000000013 
1 50 10000 2460 1000.0000000001588 0.000035633350712340234 0.028301322266679394 1.000000000000001 
1 50 10000 2470 1000.0000000001588 0.00003534532739338927 0.028301285776770713 1 
1 50 10000 2480 1000.0000000001588 0.000035060769478065595 0.028301368330671456 1.0000000000000016 
1 50 10000 2490 1000.0000000001588 0.00003477960606481547 0.028301404561977654 0.9999999999999986 
1 50 10000 2500 1000.0000000001588 0.00003450182779487124 0.028301361709451963 1.000000000000002 
1 50 10000 2510 1000.0000000001588 0.00003422740499290744 0.028301289095571246 0.9999999999999973 
1 50 10000 2520 1000.0000000001588 0.000033956231074915236 0.02830134179082186 0.9999999999999983 
1 50 10000 2530 1000.0000000001588 0.000033688257024494224 0.02830140299686803 0.9999999999999991 
1 50 10000 2540 1000.0000000001588 0.00003342341452357673 0.028301391144807536 1.000000000000003 
1 50 10000 2550 1000.0000000001588 0.00003316168341561595 0.028301319309700916 1.0000000000000004 
1 50 10000 2560 1000.0000000001588 0.000032903052960182436 0.028301315748525964 0.9999999999999998 
1 50 10000 2570 1000.0000000001588 0.00003264743620523066 0.028301390144526577 0.9999999999999988 
1 50 10000 2580 1000.0000000001588 0.00003239478118414288 0.028301408382172235 1.0000000000000029 
1 50 10000 2590 1000.0000000001588 0.00003214502281990125 0.028301356484140724 0.9999999999999984 
1 50 10000 2600 1000.0000000001588 0.000031898130475724814 0.02830130490862181 1.000000000000002 
1 50 10000 2610 1000.0000000001588 0.00003165410223505598 0.028301369043352502 1.0000000000000038 
1 50 10000 2620 1000.0000000001588 0.00003141287202711657 0.028301413095632947 1.000000000000001 
1 50 10000 2630 1000.0000000001588 0.00003117438885080313 0.02830138782124591 0.999999999999999 
1 50 10000 2640 1000.0000000001588 0.00003093859140932917 0.028301320610418516 0.9999999999999994 
1 50 10000 2650 1000.0000000001588 0.00003070544062366835 0.028301344431348685 0.9999999999999981 
1 50 10000 2660 1000.0000000001588 0.000030474936206367367 0.028301406522988005 0.9999999999999994 
1 50 10000 2670 1000.0000000001588 0.00003024703043294743 0.02830140907962655 0.9999999999999988 
1 50 10000 2680 1000.0000000001588 0.00003002167716325817 0.0283013521101514 0.9999999999999984 
1 50 10000 2690 1000.0000000001588 0.00002979881942771838 0.02830132607780571 1.0000000000000027 
1 50 10000 2700 1000.0000000001588 0.00002957841194605546 0.02830139100204692 0.9999999999999971 
1 50 10000 2710 1000.0000000001588 0.000029360451803490965 0.02830141910306921 0.9999999999999994 
1 50 10000 2720 1000.0000000001588 0.000029144905081189117 0.02830138351655088 0.999999999999998 
1 50 10000 2730 1000.0000000001588 0.00002893173337240543 0.028301327588321993 0.9999999999999998 
1 50 10000 2740 1000.0000000001588 0.000028720885233465537 0.028301369833070494 0.9999999999999996 
1 50 10000 2750 1000.0000000001588 0.000028512311293436114 0.028301418261872987 0.9999999999999979 
1 50 10000 2760 1000.0000000001588 0.000028306003821973035 0.02830140754720489 0.9999999999999997 
1 50 10000 2770 1000.0000000001588 0.0000281019377175821 0.028301349951842553 0.9999999999999999 
1 50 10000 2780 1000.0000000001588 0.00002790008307413498 0.028301349227918295 0.9999999999999987 
1 50 10000 2790 1000.0000000001588 0.000027700395729979614 0.028301408164203692 0.9999999999999959 
1 50 10000 2800 1000.0000000001588 0.000027502824460679745 0.028301421872948252 0.9999999999999989 
1 50 10000 2810 1000.0000000001588 0.000027307356037489002 0.02830137912480619 0.999999999999999 
1 50 10000 2820 1000.0000000001588 0.000027113970069682774 0.02830134026593129 0.9999999999999981 
1 50 10000 2830 1000.0000000001588 0.000026922643745405988 0.028301391260904328 1.000000000000002 
1 50 10000 2840 1000.0000000001588 0.00002673334163097305 0.02830142609914698 0.9999999999999996 
1 50 10000 2850 1000.0000000001588 0.00002654601296642806 0.028301404571494663 0.9999999999999997 
1 50 10000 2860 1000.0000000001588 0.00002636063928056456 0.02830135139735175 1.0000000000000018 
1 50 10000 2870 1000.0000000001588 0.00002617720225964266 0.028301371611344668 1.000000000000001 
1 50 10000 2880 1000.0000000001588 0.000025995683695159732 0.028301421106795267 1.000000000000002 
1 50 10000 2890 1000.0000000001588 0.00002581605734444165 0.02830142217877798 1.000000000000003 
1 50 10000 2900 1000.0000000001588 0.000025638275211693886 0.028301375639950103 0.9999999999999988 
1 50 10000 2910 1000.0000000001588 0.000025462314256722622 0.02830135694571761 0.9999999999999989 
1 50 10000 2920 1000.0000000001588 0.000025288156753497277 0.028301408696079087 1.000000000000001 
1 50 10000 2930 1000.0000000001588 0.000025115786626846237 0.02830143072318858 1.0000000000000022 
1 50 10000 2940 1000.0000000001588 0.00002494518606608685 0.028301400892972686 0.9999999999999981 
1 50 10000 2950 1000.0000000001588 0.000024776312078089836 0.028301357371430455 1.0000000000000013 
1 50 10000 2960 1000.0000000001588 0.00002460913806875074 0.02830139167443157 1.0000000000000002 
1 50 10000 2970 1000.0000000001588 0.0000244436460656938 0.028301430401231738 0.9999999999999989 
1 50 10000 2980 1000.0000000001588 0.000024279820240516742 0.028301420714158216 1.0000000000000013 
1 50 10000 2990 1000.0000000001588 0.000024117649306554856 0.028301374153819295 1.0000000000000007 
1 50 10000 3000 1000.0000000001588 0.00002395709708866735 0.02830137518118453 0.9999999999999987 
1 50 10000 3010 1000.0000000001588 0.000023798134883722723 0.028301422413014636 1.0000000000000016 
1 50 10000 3020 1000.0000000001588 0.000023640744101110302 0.028301432774815376 1.0000000000000022 
1 50 10000 3030 1000.0000000001588 0.000023484908078684714 0.028301397275151657 1.0000000000000002 
1 50 10000 3040 1000.0000000001588 0.000023330619513741517 0.028301367711628455 1 
1 50 10000 3050 1000.0000000001588 0.00002317784991270175 0.028301408777147326 0.999999999999997 
1 50 10000 3060 1000.0000000001588 0.00002302657019456744 0.028301436594706273 1.0000000000000002 
1 50 10000 3070 1000.0000000001588 0.000022876761124986058 0.028301418118017212 0.999999999999999 
1 50 10000 3080 1000.0000000001588 0.000022728404873779353 0.028301375695105505 1.000000000000002 
1 50 10000 3090 1000.0000000001588 0.000022581495707122173 0.028301392942637067 0.9999999999999981 
1 50 10000 3100 1000.0000000001588 0.000022436012542444456 0.02830143279428784 0.9999999999999987 
1 50 10000 3110 1000.0000000001588 0.000022291927666758647 0.028301432847878664 0.9999999999999991 
1 50 10000 3120 1000.0000000001588 0.000022149221414117578 0.02830139454935161 1.0000000000000004 
1 50 10000 3130 1000.0000000001588 0.000022007874894870744 0.028301381080831627 0.9999999999999977 
1 50 10000 3140 1000.0000000001588 0.00002186788213503019 0.028301422803087815 1.0000000000000027 
1 50 10000 3150 1000.0000000001588 0.000021729228276640288 0.02830144020966051 1.0000000000000018 
1 50 10000 3160 1000.0000000001588 0.000021591888468887664 0.0283014150164101 0.9999999999999993 
1 50 10000 3170 1000.0000000001588 0.00002145584307484809 0.028301380855384518 0.9999999999999994 
1 50 10000 3180 1000.0000000001588 0.000021321072444309105 0.02830140900948095 1.0000000000000007 
1 50 10000 3190 1000.0000000001588 0.000021187569245075345 0.028301440253572976 1.000000000000004 
1 50 10000 3200 1000.0000000001588 0.000021055323129844473 0.02830143149689005 1.0000000000000022 
1 50 10000 3210 1000.0000000001588 0.000020924313057452067 0.028301393590379535 1.0000000000000033 
1 50 10000 3220 1000.0000000001588 0.000020794520130468997 0.028301395668240078 0.9999999999999972 
1 50 10000 3230 1000.0000000001588 0.000020665924359437988 0.02830143389564585 1.0000000000000013 
1 50 10000 3240 1000.0000000001588 0.00002053851654529699 0.028301441744270385 0.9999999999999984 
1 50 10000 3250 1000.0000000001588 0.000020412289054064694 0.02830141206360643 1.0000000000000013 
1 50 10000 3260 1000.0000000001588 0.00002028722485913277 0.028301389393746844 0.9999999999999996 
1 50 10000 3270 1000.0000000001588 0.00002016330660170342 0.028301422820913455 0.9999999999999966 
1 50 10000 3280 1000.0000000001588 0.000020040514477416044 0.028301445207422952 1.000000000000002 
1 50 10000 3290 1000.0000000001588 0.000019918837379323574 0.028301429255057565 1.000000000000004 
1 50 10000 3300 1000.0000000001588 0.000019798268881255222 0.028301395165380026 0.9999999999999962 
1 50 10000 3310 1000.0000000001588 0.000019678795514006564 0.0283014099512643 1.0000000000000013 
1 50 10000 3320 1000.0000000001588 0.00001956040211535954 0.028301442314528327 1.0000000000000002 
1 50 10000 3330 1000.0000000001588 0.00001944306965305 0.028301441673367046 1.0000000000000002 
1 50 10000 3340 1000.0000000001588 0.000019326785360336965 0.028301409958870625 0.9999999999999993 
1 50 10000 3350 1000.0000000001588 0.000019211542959366408 0.028301400256170003 0.9999999999999982 
1 50 10000 3360 1000.0000000001588 0.00001909733169703503 0.0283014342237405 1.0000000000000004 
1 50 10000 3370 1000.0000000001588 0.0000189841389524836 0.028301448065186207 1.0000000000000004 
1 50 10000 3380 1000.0000000001588 0.000018871947084087786 0.0283014266590078 0.9999999999999994 
1 50 10000 3390 1000.0000000001588 0.00001876074207870876 0.028301399648818032 1.0000000000000009 
1 50 10000 3400 1000.0000000001588 0.0000186505171573636 0.02830142296835889 1.0000000000000022 
1 50 10000 3410 1000.0000000001588 0.000018541263341100487 0.028301448366227736 0.9999999999999994 
1 50 10000 3420 1000.0000000001588 0.000018432970495081077 0.028301440453882314 0.9999999999999999 
1 50 10000 3430 1000.0000000001588 0.000018325622954188344 0.02830140940511155 1.0000000000000018 
1 50 10000 3440 1000.0000000001588 0.000018219205994859082 0.028301412079709844 1.000000000000003 
1 50 10000 3450 1000.0000000001588 0.000018113712016451096 0.02830144328496542 1.0000000000000027 
1 50 10000 3460 1000.0000000001588 0.00001800913298185813 0.028301449225173764 0.9999999999999991 
1 50 10000 3470 1000.0000000001588 0.000017905460815551132 0.028301424269874576 0.9999999999999983 
1 50 10000 3480 1000.0000000001588 0.000017802682252197503 0.028301406776356095 0.9999999999999971 
1 50 10000 3490 1000.0000000001588 0.00001770078248174501 0.02830143423919278 1.000000000000001 
1 50 10000 3500 1000.0000000001588 0.000017599753015167577 0.028301452372935916 0.999999999999999 
1 50 10000 3510 1000.0000000001588 0.00001749958615292709 0.02830143853664443 1.0000000000000018 
1 50 10000 3520 1000.0000000001588 0.00001740027523669622 0.028301410973609647 1.000000000000002 
1 50 10000 3530 1000.0000000001588 0.000017301809544220677 0.028301423703058895 0.9999999999999993 
1 50 10000 3540 1000.0000000001588 0.00001720417482401865 0.028301450181258427 0.9999999999999989 
1 50 10000 3550 1000.0000000001588 0.000017107361813803243 0.02830144907480005 1.0000000000000056 
1 50 10000 3560 1000.0000000001588 0.00001701136278754623 0.028301422672938413 1.0000000000000002 
1 50 10000 3570 1000.0000000001588 0.000016916171840546386 0.028301415710360458 1.0000000000000004 
1 50 10000 3580 1000.0000000001588 0.00001682178062683094 0.02830144359982386 0.9999999999999998 
1 50 10000 3590 1000.0000000001588 0.00001672817604121863 0.028301454659472137 0.9999999999999994 
1 50 10000 3600 1000.0000000001588 0.000016635348293993065 0.028301436381489912 1.000000000000003 
1 50 10000 3610 1000.0000000001588 0.000016543289457785094 0.02830141489283327 0.9999999999999994 
1 50 10000 3620 1000.0000000001588 0.00001645199383101231 0.028301434361278865 1.000000000000001 
1 50 10000 3630 1000.0000000001588 0.000016361455019496922 0.028301455140771484 0.9999999999999988 
1 50 10000 3640 1000.0000000001588 0.00001627166151040808 0.028301447995217943 0.999999999999998 
1 50 10000 3650 1000.0000000001588 0.00001618260333313422 0.02830142242996625 1.0000000000000027 
1 50 10000 3660 1000.0000000001588 0.00001609427232462978 0.028301425406517308 0.9999999999999983 
1 50 10000 3670 1000.0000000001588 0.000016006662608415028 0.028301451069915304 1.0000000000000013 
1 50 10000 3680 1000.0000000001588 0.000015919769167852313 0.02830145554856574 1 
1 50 10000 3690 1000.0000000001588 0.00001583358230836263 0.02830143446715418 0.9999999999999989 
1 50 10000 3700 1000.0000000001588 0.00001574809228047498 0.02830142090096911 1.0000000000000004 
1 50 10000 3710 1000.0000000001588 0.000015663290760347774 0.02830144364568435 1.0000000000000027 
1 50 10000 3720 1000.0000000001588 0.00001557917149869723 0.028301458414668038 1.0000000000000042 
1 50 10000 3730 1000.0000000001588 0.00001549573026435245 0.02830144636985918 1 
1 50 10000 3740 1000.0000000001588 0.00001541295915641773 0.028301423964214218 1.0000000000000007 
1 50 10000 3750 1000.0000000001588 0.00001533084903499133 0.028301434965071055 0.9999999999999999 
1 50 10000 3760 1000.0000000001588 0.000015249391571093005 0.028301456768835682 1.0000000000000004 
1 50 10000 3770 1000.0000000001588 1.185116986279757e+120 0.028301455360879604 2.0799629229315004e+243 
1 50 10000 3780 1000.0000000001588 1.0694333023327362e+283 0.02830143328127232 Infinity 
1 50 10000 3790 1000.0000000001588 NaN 0.02830142832687454 NaN 
1 50 10000 3800 1000.0000000001588 NaN 0.028301451395390243 NaN 
