# masse: 1
# raumintervall: 1000
# zeitintervall: 100
# zeitpunkte: 100
# raumpunkte: 1001
# ordnung: 50
# Präzision: f64
# Wiederholungen: 1000
# Zeitpunkte Änderung: 50 Gesamtmessungen: 1
# Raumpunkte Änderung: 50 Gesamtmessungen: 1
# Ordnung Änderung: 1 Gesamtmessungen: 1
# Masse Änderung: 1 Gesamtmessungen: 1000
# Plotte:
#Masse Ordnung Zeitpunkte Raumpunkte Zeit mittel_abw_betr_num_anal  mittel_betr_anal norm_betr_num

1 50 100 1001 100 0.00002141787720862191 0.028044837917149488 0.9999999999996994 
1 50 100 1001 200 0.000042773721204622124 0.02791186935183418 0.9999999999993983 
1 50 100 1001 300 0.00006407046164677985 0.027954852877118182 0.9999999999990948 
1 50 100 1001 400 0.00008481411707504969 0.02751368885146224 0.9999999999987913 
1 50 100 1001 500 0.00010457792116876903 0.027530895518901276 0.9999999999984908 
1 50 100 1001 600 0.00012448263550941463 0.028284302435907634 0.9999999999981889 
1 50 100 1001 700 0.00014654836937054457 0.02835602728209393 0.9999999999978851 
1 50 100 1001 800 0.0001708678673125602 0.027814556960530912 0.999999999997584 
1 50 100 1001 900 0.00019453110106123583 0.02808833097479049 0.9999999999972824 
1 50 100 1001 1000 0.0002153589381196401 0.028300605082760444 0.9999999999969807 
1 50 100 1001 1100 0.0002348882063964463 0.02846125776614533 0.9999999999966775 
1 50 100 1001 1200 0.0002562558941753477 0.02885117449756784 0.9999999999963758 
1 50 100 1001 1300 0.000277446198899523 0.028946995921519496 0.9999999999960735 
1 50 100 1001 1400 0.0002961709171862572 0.028527455837631558 0.999999999995771 
1 50 100 1001 1500 0.0003138633459575826 0.028261777536809515 0.9999999999954704 
1 50 100 1001 1600 0.00033476954714397407 0.02803940998645865 0.9999999999951678 
1 50 100 1001 1700 0.00035805342026877057 0.028363259654111562 0.999999999994866 
1 50 100 1001 1800 0.00038066300283307476 0.028327782287096332 0.9999999999945638 
1 50 100 1001 1900 0.0004000600645715749 0.02805846981696914 0.9999999999942604 
1 50 100 1001 2000 0.00041713260360941025 0.027762438921412072 0.9999999999939593 
1 50 100 1001 2100 0.0004363238487775181 0.027781619166856585 0.9999999999936565 
1 50 100 1001 2200 0.0004578195507807332 0.027748261891361915 0.999999999993356 
1 50 100 1001 2300 0.0004785368216946027 0.02773483389804897 0.9999999999930538 
1 50 100 1001 2400 0.0005018589232121743 0.028438724606997378 0.9999999999927541 
1 50 100 1001 2500 0.0005292774768063474 0.02875317776262915 0.9999999999924502 
1 50 100 1001 2600 0.0005562234811772649 0.028493212683107547 0.9999999999921482 
1 50 100 1001 2700 0.0005789110178838838 0.027640514092447874 0.999999999991844 
1 50 100 1001 2800 0.0005975824934373031 0.027931323164283126 0.999999999991544 
1 50 100 1001 2900 0.0006161095712858402 0.028483176426201226 0.9999999999912422 
1 50 100 1001 3000 0.0006380176267756507 0.028234411157801183 0.9999999999909387 
1 50 100 1001 3100 0.0006692450686049572 0.028133162529355982 0.9999999999906377 
1 50 100 1001 3200 0.0006961019074716616 0.02819957550959321 0.9999999999903362 
1 50 100 1001 3300 0.000712827153805703 0.027838313719688635 0.999999999990033 
1 50 100 1001 3400 0.0007246941747921271 0.027463002374640395 0.9999999999897314 
1 50 100 1001 3500 0.0007409562294021321 0.02799163564291695 0.9999999999894283 
1 50 100 1001 3600 0.000761912278491524 0.02833903375352529 0.9999999999891283 
1 50 100 1001 3700 0.0007882393497819558 0.028300019424643472 0.9999999999888245 
1 50 100 1001 3800 0.0008134900849584715 0.027980232633291725 0.9999999999885236 
1 50 100 1001 3900 0.0008315847627940479 0.028024136618941722 0.9999999999882224 
1 50 100 1001 4000 0.0008495840705399461 0.02778404170919189 0.999999999987919 
1 50 100 1001 4100 0.0008661604900252882 0.02762284356888975 0.9999999999876159 
1 50 100 1001 4200 0.0008770253715483926 0.027816438979220582 0.9999999999873144 
1 50 100 1001 4300 0.0008949102400112145 0.028388675652160435 0.9999999999870115 
1 50 100 1001 4400 0.0009257721683694396 0.028476143417890412 0.9999999999867099 
1 50 100 1001 4500 0.0009540535343412713 0.028079227302742683 0.9999999999864091 
1 50 100 1001 4600 0.0009728104690492674 0.02779316671265078 0.9999999999861067 
1 50 100 1001 4700 0.0009920775500082927 0.02755566900950768 0.9999999999858044 
1 50 100 1001 4800 0.0010147859933266582 0.02743153091881933 0.9999999999855047 
1 50 100 1001 4900 0.0010381566170309853 0.027785406627708082 0.9999999999852013 
1 50 100 1001 5000 0.0010516282479401393 0.027809417162401585 0.9999999999848985 
1 50 100 1001 5100 0.0010552896450179608 0.027693229963558514 0.9999999999845955 
1 50 100 1001 5200 0.001067679884826299 0.02779344443568848 0.9999999999842949 
1 50 100 1001 5300 0.0010910449866562517 0.027961880041984792 0.9999999999839932 
1 50 100 1001 5400 0.0011211743037955742 0.028074639129184075 0.9999999999836908 
1 50 100 1001 5500 0.0011483514356629867 0.02829053704522736 0.9999999999833871 
1 50 100 1001 5600 0.0011733910881250086 0.02804460641896732 0.9999999999830858 
1 50 100 1001 5700 0.001196176128087259 0.027886230911960103 0.9999999999827839 
1 50 100 1001 5800 0.0012191085983449894 0.028021760100459217 0.9999999999824812 
1 50 100 1001 5900 0.0012502259917376724 0.02812483662944978 0.9999999999821796 
1 50 100 1001 6000 0.0012902265201897988 0.028786574477108223 0.9999999999818786 
1 50 100 1001 6100 0.0013177316379356149 0.028738320757642905 0.9999999999815755 
1 50 100 1001 6200 0.001333763016885361 0.028548080712159533 0.9999999999812756 
1 50 100 1001 6300 0.001348721847313333 0.028128847799526777 0.9999999999809726 
1 50 100 1001 6400 0.00136883841416744 0.02804266641820221 0.9999999999806701 
1 50 100 1001 6500 0.0013976045954995479 0.028451503251268696 0.9999999999803668 
1 50 100 1001 6600 0.0014255183312201522 0.02887561943429399 0.9999999999800647 
1 50 100 1001 6700 0.0014547538136560265 0.028596133697193937 0.9999999999797632 
1 50 100 1001 6800 0.0014762449314106641 0.028159813725161457 0.9999999999794614 
1 50 100 1001 6900 0.0014865418421609342 0.02772807124874909 0.9999999999791591 
1 50 100 1001 7000 0.001500393875745096 0.027998588297224913 0.9999999999788577 
1 50 100 1001 7100 0.0015117777803571439 0.028444203164432552 0.9999999999785547 
1 50 100 1001 7200 0.001519554940006428 0.028305465282803092 0.999999999978254 
1 50 100 1001 7300 0.0015297389603981303 0.027969570569514383 0.9999999999779531 
1 50 100 1001 7400 0.0015482173666556342 0.028258837858092935 0.9999999999776483 
1 50 100 1001 7500 0.0015709110349719664 0.028298757833435096 0.9999999999773479 
1 50 100 1001 7600 0.001604080331823687 0.028089604356834812 0.9999999999770449 
1 50 100 1001 7700 0.0016291978050564885 0.02843952541915791 0.9999999999767415 
1 50 100 1001 7800 0.0016435968754076908 0.028460842382075847 0.9999999999764387 
1 50 100 1001 7900 0.0016444232818731215 0.028555856961229715 0.9999999999761386 
1 50 100 1001 8000 0.001649495086492301 0.02882079830537826 0.999999999975838 
1 50 100 1001 8100 0.0016845554361831017 0.02814141448177688 0.9999999999755362 
1 50 100 1001 8200 0.0017177836081468906 0.027695988195825694 0.9999999999752333 
1 50 100 1001 8300 0.001732769909403192 0.027779203048461012 0.9999999999749299 
1 50 100 1001 8400 0.0017300406031760813 0.02793749943519523 0.9999999999746291 
1 50 100 1001 8500 0.001724500831803679 0.028253734260963122 0.9999999999743285 
1 50 100 1001 8600 0.0017349132321678488 0.028678217999209294 0.999999999974025 
1 50 100 1001 8700 0.0017696859350333828 0.02866410802868096 0.999999999973724 
1 50 100 1001 8800 0.0018230302752794637 0.028297347210142654 0.999999999973422 
1 50 100 1001 8900 0.001870853342119486 0.028500602954146383 0.9999999999731203 
1 50 100 1001 9000 0.00190263360847047 0.028739413869468523 0.9999999999728171 
1 50 100 1001 9100 0.0019294177330309971 0.028160929640672093 0.9999999999725154 
1 50 100 1001 9200 0.0019458175357318017 0.027518815841524578 0.9999999999722142 
1 50 100 1001 9300 0.001955027455718204 0.02713018615594558 0.9999999999719119 
1 50 100 1001 9400 0.001961462607076673 0.027815087808479168 0.9999999999716096 
1 50 100 1001 9500 0.0019878331845884028 0.0281431039164186 0.9999999999713083 
1 50 100 1001 9600 0.002052243479838392 0.028197128513922008 0.9999999999710057 
1 50 100 1001 9700 0.002123955165621609 0.028626271008318764 0.9999999999707029 
1 50 100 1001 9800 0.002166944276254804 0.028581093021827018 0.9999999999704022 
1 50 100 1001 9900 0.002160167204703796 0.028298510220495843 0.9999999999700994 
1 50 100 1001 10000 0.002123249298048379 0.02859931293403425 0.9999999999697972 
1 50 100 1001 10100 0.0021265402911798672 0.028224009725844046 0.9999999999694954 
1 50 100 1001 10200 0.0021676151582200637 0.02723140049930556 0.9999999999691933 
1 50 100 1001 10300 0.0022064242584746638 0.027039748693125146 0.9999999999688923 
1 50 100 1001 10400 0.0022306011458619822 0.027331412645997404 0.9999999999685889 
1 50 100 1001 10500 0.0022341829537778505 0.027849407670186146 0.9999999999682864 
1 50 100 1001 10600 0.002232334286130758 0.02862097351666894 0.9999999999679846 
1 50 100 1001 10700 0.0022449906613755616 0.028503508785335026 0.9999999999676851 
1 50 100 1001 10800 0.0022541282738762227 0.02793640849454425 0.9999999999673811 
1 50 100 1001 10900 0.002255819064445408 0.02829124226830665 0.9999999999670791 
1 50 100 1001 11000 0.0022464846574449084 0.02851078310819096 0.9999999999667775 
1 50 100 1001 11100 0.002262304808709042 0.02828765802168501 0.9999999999664739 
1 50 100 1001 11200 0.0023053368972626876 0.02825584933634715 0.999999999966172 
1 50 100 1001 11300 0.002335035640468381 0.028235002915054888 0.9999999999658712 
1 50 100 1001 11400 0.0023551471124613325 0.028284816643929546 0.9999999999655691 
1 50 100 1001 11500 0.002358079719158705 0.027983558691898565 0.9999999999652669 
1 50 100 1001 11600 0.0023741110120897345 0.027892154193847905 0.9999999999649642 
1 50 100 1001 11700 0.002404407207815642 0.028573375867971876 0.9999999999646632 
1 50 100 1001 11800 0.002448807178087394 0.02888009903750541 0.9999999999643627 
1 50 100 1001 11900 0.0024963147718237003 0.028731496726390474 0.9999999999640581 
1 50 100 1001 12000 0.0025207055189050446 0.028497164829076934 0.9999999999637574 
1 50 100 1001 12100 0.002525559697132009 0.028216148090963993 0.999999999963456 
1 50 100 1001 12200 0.0025185511840281867 0.027721973735374533 0.9999999999631519 
1 50 100 1001 12300 0.0025080986355172407 0.027422604381715343 0.9999999999628503 
1 50 100 1001 12400 0.002547216617215532 0.027437369229881867 0.9999999999625474 
1 50 100 1001 12500 0.0026115878589438642 0.027943848712171024 0.9999999999622462 
1 50 100 1001 12600 0.002667980053399921 0.028314020664512836 0.9999999999619436 
1 50 100 1001 12700 0.002704437122257811 0.028878459397318968 0.9999999999616429 
1 50 100 1001 12800 0.0027199559308791667 0.02860584185712992 0.9999999999613401 
1 50 100 1001 12900 0.0027333771553965445 0.028365398499775794 0.9999999999610371 
1 50 100 1001 13000 0.0027563611159944785 0.028259174687557186 0.999999999960737 
1 50 100 1001 13100 0.002776611803824503 0.027948275520645455 0.9999999999604328 
1 50 100 1001 13200 0.002762506140018042 0.027695309569953825 0.9999999999601321 
1 50 100 1001 13300 0.002750743206620816 0.027860055054963955 0.9999999999598289 
1 50 100 1001 13400 0.0027773860480568196 0.02779433539386395 0.9999999999595273 
1 50 100 1001 13500 0.002824943757269489 0.027873914941721045 0.9999999999592265 
1 50 100 1001 13600 0.0028600414437205315 0.02779857955399233 0.999999999958925 
1 50 100 1001 13700 0.0028638069654020044 0.027524817912324074 0.9999999999586212 
1 50 100 1001 13800 0.002858628337543028 0.027393871196285197 0.9999999999583197 
1 50 100 1001 13900 0.0028713071422197508 0.027690627365791733 0.9999999999580172 
1 50 100 1001 14000 0.002869228491298756 0.028242740722652083 0.9999999999577166 
1 50 100 1001 14100 0.0028740931531147985 0.02879754158217706 0.9999999999574145 
1 50 100 1001 14200 0.002907916196038827 0.02900826316744237 0.9999999999571115 
1 50 100 1001 14300 0.0029540712651324424 0.028659585785548513 0.9999999999568093 
1 50 100 1001 14400 0.002994519352759376 0.028392668478978398 0.9999999999565092 
1 50 100 1001 14500 0.003017869092246243 0.0282505310112181 0.9999999999562043 
1 50 100 1001 14600 0.003030039153555567 0.02821215035726409 0.9999999999559029 
1 50 100 1001 14700 0.0030381087033051865 0.028080796404548723 0.999999999955602 
1 50 100 1001 14800 0.0030605576281611396 0.028402198189149845 0.9999999999552999 
1 50 100 1001 14900 0.003071383865834388 0.02893766319796764 0.9999999999549971 
1 50 100 1001 15000 0.0030716979875545286 0.0289041475504588 0.9999999999546961 
1 50 100 1001 15100 0.0030602174243080215 0.028668432233476163 0.9999999999543931 
1 50 100 1001 15200 0.0030496270881708114 0.028682359714509043 0.9999999999540912 
1 50 100 1001 15300 0.003055140285026273 0.028591263414807718 0.9999999999537901 
1 50 100 1001 15400 0.0030608954115586453 0.027939855356420133 0.9999999999534864 
1 50 100 1001 15500 0.0030670087275392623 0.027765168064940053 0.9999999999531856 
1 50 100 1001 15600 0.0030849301774538446 0.027649811571114343 0.9999999999528844 
1 50 100 1001 15700 0.0031235055061955815 0.02735408435393388 0.9999999999525822 
1 50 100 1001 15800 0.0031852572783265054 0.027052848405159122 0.9999999999522797 
1 50 100 1001 15900 0.0032599731298432813 0.027335208792286663 0.999999999951978 
1 50 100 1001 16000 0.0032974728928364637 0.02801563578431437 0.9999999999516741 
1 50 100 1001 16100 0.0033070057169097664 0.02831937819746283 0.9999999999513738 
1 50 100 1001 16200 0.0033232076111422803 0.028302991149623483 0.9999999999510713 
1 50 100 1001 16300 0.0033628089321189204 0.028473728207135472 0.9999999999507683 
1 50 100 1001 16400 0.003428477876220516 0.02831374645474464 0.9999999999504655 
1 50 100 1001 16500 0.003488490146512567 0.027831705314881595 0.9999999999501658 
1 50 100 1001 16600 0.00350241441708178 0.027270075228050993 0.9999999999498626 
1 50 100 1001 16700 0.003511684820899154 0.026789671241398357 0.9999999999495609 
1 50 100 1001 16800 0.0035150347529929907 0.026470279909920114 0.9999999999492589 
1 50 100 1001 16900 0.003508737667205887 0.02610679595932574 0.9999999999489572 
1 50 100 1001 17000 0.0035014065436805783 0.0262162918898379 0.9999999999486543 
1 50 100 1001 17100 0.003475397596207079 0.026696788695784925 0.9999999999483535 
1 50 100 1001 17200 0.0034696083531907717 0.026969180121946667 0.9999999999480519 
1 50 100 1001 17300 0.0034909899016256434 0.027142426780318325 0.9999999999477491 
1 50 100 1001 17400 0.0035346841330219465 0.02733535604974848 0.9999999999474477 
1 50 100 1001 17500 0.0035933326875458686 0.02729989865586608 0.9999999999471434 
1 50 100 1001 17600 0.0036207244176395 0.02737997720138588 0.9999999999468417 
1 50 100 1001 17700 0.00359051117452983 0.02756394896709387 0.9999999999465399 
1 50 100 1001 17800 0.0035441454222492016 0.0276154167658695 0.9999999999462394 
1 50 100 1001 17900 0.003521111461048917 0.02770400400333666 0.9999999999459355 
1 50 100 1001 18000 0.003565364155095448 0.027572067702406736 0.9999999999456338 
1 50 100 1001 18100 0.003658140963770781 0.027151923470128535 0.9999999999453325 
1 50 100 1001 18200 0.003741533167930052 0.027452616318374003 0.9999999999450296 
1 50 100 1001 18300 0.003782755335708077 0.027500457223571948 0.9999999999447293 
1 50 100 1001 18400 0.0037750700952069297 0.02775338277116977 0.9999999999444263 
1 50 100 1001 18500 0.0037295578587295346 0.02812633758014985 0.9999999999441239 
1 50 100 1001 18600 0.0037171754719130153 0.027896333350086396 0.9999999999438228 
1 50 100 1001 18700 0.00372110094277349 0.02749892669208688 0.9999999999435202 
1 50 100 1001 18800 0.0037328347911355034 0.0275551499189613 0.9999999999432181 
1 50 100 1001 18900 0.0037948070556803196 0.027816935460210922 0.9999999999429164 
1 50 100 1001 19000 0.0038568172192645815 0.02786402894839801 0.9999999999426135 
1 50 100 1001 19100 0.003897586945582066 0.027756107929971525 0.9999999999423134 
1 50 100 1001 19200 0.003936578454561768 0.028009433389731542 0.9999999999420097 
1 50 100 1001 19300 0.003954895473751325 0.02798688765519096 0.9999999999417082 
1 50 100 1001 19400 0.00396839166923727 0.02783525955565233 0.9999999999414069 
1 50 100 1001 19500 0.004003876185625157 0.02788373164952584 0.9999999999411036 
1 50 100 1001 19600 0.0040404482400157385 0.02823696547487952 0.9999999999408029 
1 50 100 1001 19700 0.004089790084698396 0.028411804820519575 0.9999999999405005 
1 50 100 1001 19800 0.004126942471394125 0.02813027957953819 0.9999999999401998 
1 50 100 1001 19900 0.0041319813881520485 0.02819873097484729 0.9999999999398975 
1 50 100 1001 20000 0.004113852993363448 0.028576118891447712 0.9999999999395939 
1 50 100 1001 20100 0.004115757722926863 0.028987147582442065 0.9999999999392917 
1 50 100 1001 20200 0.004155518236652808 0.029012505930938487 0.9999999999389907 
1 50 100 1001 20300 0.004175233533262074 0.028557286334445573 0.9999999999386885 
1 50 100 1001 20400 0.004187250556694451 0.02837926215458551 0.9999999999383863 
1 50 100 1001 20500 0.004207953455186768 0.02850566595887244 0.9999999999380847 
1 50 100 1001 20600 0.00424393174959702 0.028664013606338155 0.9999999999377828 
1 50 100 1001 20700 0.004267647058933305 0.029045605384817482 0.99999999993748 
1 50 100 1001 20800 0.004300408598509633 0.029168123943845974 0.9999999999371796 
1 50 100 1001 20900 0.004371853892665798 0.028834780456045723 0.9999999999368754 
1 50 100 1001 21000 0.004436098581113618 0.028048370212461537 0.9999999999365735 
1 50 100 1001 21100 0.0044529702111818815 0.027940212837633687 0.9999999999362723 
1 50 100 1001 21200 0.004420237746363962 0.027951134123862607 0.9999999999359698 
1 50 100 1001 21300 0.004401867291324561 0.02789431808076129 0.999999999935668 
1 50 100 1001 21400 0.004410585626178204 0.02795058346392491 0.999999999935367 
1 50 100 1001 21500 0.004438036312902666 0.028007386686508557 0.9999999999350652 
1 50 100 1001 21600 0.004436940373659194 0.027879603162374783 0.9999999999347611 
1 50 100 1001 21700 0.004395771950544755 0.027516771470147243 0.9999999999344591 
1 50 100 1001 21800 0.004349121004161612 0.027328464744002925 0.9999999999341574 
1 50 100 1001 21900 0.004360224938353372 0.027494806477853122 0.999999999933854 
1 50 100 1001 22000 0.004402485242397091 0.02721123544551736 0.9999999999335529 
1 50 100 1001 22100 0.004422849652743035 0.02667676370844663 0.9999999999332506 
1 50 100 1001 22200 0.004476653433366147 0.026756458688913343 0.9999999999329502 
1 50 100 1001 22300 0.004529285964831748 0.026845368958540873 0.9999999999326458 
1 50 100 1001 22400 0.004544776965294375 0.02700118832266771 0.9999999999323457 
1 50 100 1001 22500 0.004532383329755645 0.027027308932451255 0.9999999999320432 
1 50 100 1001 22600 0.004576720322391884 0.02752173504109087 0.9999999999317412 
1 50 100 1001 22700 0.004620486389310681 0.027979215507766317 0.9999999999314388 
1 50 100 1001 22800 0.004631551302332785 0.027938522515116335 0.9999999999311378 
1 50 100 1001 22900 0.00464199233676316 0.02802943238078129 0.9999999999308357 
1 50 100 1001 23000 0.004664640546446395 0.02807167162216948 0.9999999999305341 
1 50 100 1001 23100 0.004726551723266229 0.02795400779352107 0.9999999999302319 
1 50 100 1001 23200 0.004809469891061355 0.027875924131667198 0.99999999992993 
1 50 100 1001 23300 0.0048860843980193655 0.027901857632467154 0.9999999999296277 
1 50 100 1001 23400 0.004935148580841356 0.028115307386060023 0.999999999929326 
1 50 100 1001 23500 0.004961909757776468 0.02834046179761191 0.9999999999290228 
1 50 100 1001 23600 0.004970463311027572 0.028111794921241124 0.9999999999287208 
1 50 100 1001 23700 0.0049756184029365 0.027991806125674815 0.9999999999284197 
1 50 100 1001 23800 0.005008157796017302 0.027995027321684608 0.9999999999281158 
1 50 100 1001 23900 0.005022238048708908 0.027566312775337803 0.9999999999278149 
1 50 100 1001 24000 0.0050133173161809015 0.027159480847201906 0.9999999999275133 
1 50 100 1001 24100 0.005000365117302724 0.02695070708579655 0.9999999999272106 
1 50 100 1001 24200 0.005008392905227186 0.026834606835410543 0.9999999999269097 
1 50 100 1001 24300 0.005030362468211604 0.02746852743380654 0.9999999999266084 
1 50 100 1001 24400 0.005068596005491904 0.027892992163949838 0.9999999999263066 
1 50 100 1001 24500 0.005091802865145537 0.027851554362536123 0.999999999926003 
1 50 100 1001 24600 0.005081621655665218 0.027910211623829687 0.9999999999257005 
1 50 100 1001 24700 0.005078708827328903 0.027922228071715734 0.9999999999254007 
1 50 100 1001 24800 0.0050785524310078866 0.028207680098138222 0.9999999999250967 
1 50 100 1001 24900 0.00510071403446162 0.02798231605740334 0.9999999999247956 
1 50 100 1001 25000 0.005135236036113514 0.027614704877796034 0.9999999999244948 
1 50 100 1001 25100 0.005177113640870968 0.027271204879218254 0.9999999999241895 
1 50 100 1001 25200 0.005244680228990051 0.027228080854631936 0.9999999999238899 
1 50 100 1001 25300 0.005327487009305215 0.027391326091834013 0.9999999999235877 
1 50 100 1001 25400 0.005364728428245383 0.02734880823505739 0.9999999999232853 
1 50 100 1001 25500 0.005349998379115881 0.027148280664218 0.999999999922983 
1 50 100 1001 25600 0.00530251808223488 0.026626694711587854 0.9999999999226827 
1 50 100 1001 25700 0.00527629114635969 0.026431640877317895 0.9999999999223789 
1 50 100 1001 25800 0.005299054297692373 0.026281642812009332 0.9999999999220769 
1 50 100 1001 25900 0.005350469629045426 0.02636685159599131 0.999999999921774 
1 50 100 1001 26000 0.005417358362447988 0.026943859572157912 0.9999999999214728 
1 50 100 1001 26100 0.00546574459046333 0.027110182511527258 0.9999999999211707 
1 50 100 1001 26200 0.005492782734948603 0.02728758474872767 0.9999999999208689 
1 50 100 1001 26300 0.005500163154704175 0.02744173908283401 0.9999999999205673 
1 50 100 1001 26400 0.005495343067924914 0.027266451386252385 0.9999999999202651 
1 50 100 1001 26500 0.005483250535471767 0.02796563393163436 0.9999999999199624 
1 50 100 1001 26600 0.00548358710209123 0.02825785265104277 0.9999999999196612 
1 50 100 1001 26700 0.005551810729677879 0.028152280582315566 0.9999999999193586 
1 50 100 1001 26800 0.005655443887124108 0.02802437912137103 0.999999999919056 
1 50 100 1001 26900 0.005704954451187566 0.027925801858744548 0.9999999999187541 
1 50 100 1001 27000 0.005696148571513931 0.027789475645871673 0.9999999999184531 
1 50 100 1001 27100 0.005662768969813316 0.02775689700250763 0.9999999999181505 
1 50 100 1001 27200 0.0056534982610272795 0.02785321625556546 0.999999999917849 
1 50 100 1001 27300 0.0057044399524088215 0.02783569046280242 0.9999999999175467 
1 50 100 1001 27400 0.005749250830173628 0.027983633860051853 0.9999999999172441 
1 50 100 1001 27500 0.005758871277236963 0.028383091564934463 0.999999999916942 
1 50 100 1001 27600 0.005787634816661412 0.02840810662992996 0.9999999999166416 
1 50 100 1001 27700 0.005875806852624249 0.027919341889103454 0.9999999999163394 
1 50 100 1001 27800 0.005987104803975003 0.027490986205932755 0.9999999999160379 
1 50 100 1001 27900 0.006043231818290954 0.027519617992838075 0.9999999999157352 
1 50 100 1001 28000 0.0060401505667436566 0.027377385471044926 0.9999999999154319 
1 50 100 1001 28100 0.006043510181719639 0.027659348916877848 0.9999999999151311 
1 50 100 1001 28200 0.006070158462527298 0.02777511275976296 0.9999999999148285 
1 50 100 1001 28300 0.006104922738256264 0.028214126885334524 0.9999999999145264 
1 50 100 1001 28400 0.006107319607953762 0.02835446571908644 0.9999999999142235 
1 50 100 1001 28500 0.006032610954949358 0.02817874898887372 0.9999999999139227 
1 50 100 1001 28600 0.005934989832033232 0.028155508949507194 0.9999999999136181 
1 50 100 1001 28700 0.0059353295358183355 0.028018605241748276 0.9999999999133187 
1 50 100 1001 28800 0.005992194787564588 0.02805284619391553 0.999999999913017 
1 50 100 1001 28900 0.006067260870393436 0.02786501297270486 0.999999999912714 
1 50 100 1001 29000 0.006087816158768611 0.02768380871998262 0.9999999999124126 
1 50 100 1001 29100 0.006070519509247594 0.027664639973335212 0.9999999999121104 
1 50 100 1001 29200 0.00608666195909501 0.028195509139133584 0.9999999999118089 
1 50 100 1001 29300 0.006163407993670466 0.02861550420173994 0.9999999999115046 
1 50 100 1001 29400 0.006214030060631219 0.028676406872822083 0.9999999999112036 
1 50 100 1001 29500 0.0061968465143975296 0.028721228143191786 0.9999999999109013 
1 50 100 1001 29600 0.00614983247648773 0.028544818841983986 0.9999999999105993 
1 50 100 1001 29700 0.006098750644826831 0.028517447597913605 0.9999999999102972 
1 50 100 1001 29800 0.006045857912225793 0.028325346484244642 0.9999999999099937 
1 50 100 1001 29900 0.006062129160058158 0.02778252676439777 0.9999999999096929 
1 50 100 1001 30000 0.006161116539555916 0.02845637759380685 0.9999999999093918 
1 50 100 1001 30100 0.0062571820004700286 0.028959362331854876 0.99999999990909 
1 50 100 1001 30200 0.0063196968824135984 0.02908111404316793 0.9999999999087882 
1 50 100 1001 30300 0.006342136571830873 0.02906987756492396 0.9999999999084853 
1 50 100 1001 30400 0.006312932872313329 0.028677414417535813 0.9999999999081834 
1 50 100 1001 30500 0.006278361457083806 0.028389105552518803 0.9999999999078806 
1 50 100 1001 30600 0.006322350962731169 0.02856025203690388 0.999999999907577 
1 50 100 1001 30700 0.006421470106879153 0.028422017574089974 0.9999999999072782 
1 50 100 1001 30800 0.006492364281903595 0.02819925553903635 0.9999999999069746 
1 50 100 1001 30900 0.006505880661364974 0.02810122436531356 0.9999999999066738 
1 50 100 1001 31000 0.00647349005801992 0.0278466821789946 0.999999999906372 
1 50 100 1001 31100 0.006401070521005563 0.02773401410475831 0.9999999999060694 
1 50 100 1001 31200 0.006337500064028333 0.027613744718916762 0.9999999999057669 
1 50 100 1001 31300 0.00637525188879437 0.027866428508588375 0.9999999999054634 
1 50 100 1001 31400 0.00646051362832902 0.02832210913838742 0.9999999999051623 
1 50 100 1001 31500 0.0065051288844928425 0.028279955685960343 0.999999999904862 
1 50 100 1001 31600 0.006522202460430123 0.028363676512490905 0.9999999999045597 
1 50 100 1001 31700 0.006563839492238637 0.028113330058668864 0.9999999999042565 
1 50 100 1001 31800 0.006607635060373121 0.027796704787217956 0.9999999999039553 
1 50 100 1001 31900 0.0066373661828102596 0.027988711225205323 0.999999999903652 
1 50 100 1001 32000 0.006632278836342594 0.02775014260058407 0.9999999999033508 
1 50 100 1001 32100 0.00662501981477823 0.027627486735607488 0.9999999999030488 
1 50 100 1001 32200 0.006665355932719148 0.028194151428921406 0.9999999999027454 
1 50 100 1001 32300 0.006709632131478159 0.028072564503187424 0.9999999999024433 
1 50 100 1001 32400 0.006740549964442179 0.027696966084017307 0.9999999999021424 
1 50 100 1001 32500 0.006753422348724265 0.027669181886690996 0.9999999999018409 
1 50 100 1001 32600 0.006796345529412331 0.027988343721840617 0.9999999999015385 
1 50 100 1001 32700 0.006871612139678207 0.02785654610673094 0.9999999999012358 
1 50 100 1001 32800 0.006956564367289658 0.02789670179132785 0.9999999999009354 
1 50 100 1001 32900 0.007025009492589211 0.027960026725620476 0.9999999999006323 
1 50 100 1001 33000 0.00708243307714695 0.02811212664769633 0.9999999999003303 
1 50 100 1001 33100 0.007082779446311679 0.028209136686095454 0.9999999999000276 
1 50 100 1001 33200 0.007015142808396626 0.028082771161127045 0.9999999998997257 
1 50 100 1001 33300 0.006939195812160757 0.027771119031248574 0.9999999998994241 
1 50 100 1001 33400 0.006907458564303859 0.028080555745329607 0.9999999998991219 
1 50 100 1001 33500 0.0069393133601994015 0.0284918527379475 0.9999999998988205 
1 50 100 1001 33600 0.007001969403501154 0.028414030313371426 0.9999999998985174 
1 50 100 1001 33700 0.007079780986339398 0.028357352461665944 0.9999999998982149 
1 50 100 1001 33800 0.0071652446787425685 0.028497056473319345 0.9999999998979134 
1 50 100 1001 33900 0.007234082580806089 0.028371044966784942 0.9999999998976112 
1 50 100 1001 34000 0.007250983146945549 0.02820779771478733 0.9999999998973088 
1 50 100 1001 34100 0.007249056327801085 0.028299479513810948 0.9999999998970083 
1 50 100 1001 34200 0.0072804051873224685 0.028430434046710515 0.9999999998967061 
1 50 100 1001 34300 0.007272345158710079 0.02789105535783163 0.9999999998964035 
1 50 100 1001 34400 0.007237414028020714 0.026892974267568082 0.999999999896104 
1 50 100 1001 34500 0.007240503824745181 0.0267073668886158 0.9999999998958009 
1 50 100 1001 34600 0.007289505824958694 0.02728202513132611 0.9999999998954986 
1 50 100 1001 34700 0.007322664811865395 0.027574787646993427 0.9999999998951956 
1 50 100 1001 34800 0.007322117758482494 0.02736076669205511 0.9999999998948936 
1 50 100 1001 34900 0.0073335008136174475 0.027497208107364196 0.9999999998945912 
1 50 100 1001 35000 0.007405872276192077 0.028042945229488234 0.9999999998942904 
1 50 100 1001 35100 0.007460191668792862 0.02853099896676055 0.9999999998939872 
1 50 100 1001 35200 0.0074638098021605785 0.028648921570129424 0.9999999998936854 
1 50 100 1001 35300 0.00742999725791777 0.02860677851505168 0.9999999998933812 
1 50 100 1001 35400 0.0073482143079171384 0.028419003421830416 0.9999999998930801 
1 50 100 1001 35500 0.0072101736269430325 0.02823414810446554 0.9999999998927794 
1 50 100 1001 35600 0.007122411531870506 0.028061162679378346 0.9999999998924773 
1 50 100 1001 35700 0.007184650027043902 0.027868150791520566 0.9999999998921759 
1 50 100 1001 35800 0.007310572076224619 0.027456904376787345 0.9999999998918743 
1 50 100 1001 35900 0.0074153143299628185 0.027325746091670107 0.9999999998915714 
1 50 100 1001 36000 0.007559805310654111 0.02755051852692069 0.9999999998912683 
1 50 100 1001 36100 0.00765237594843727 0.027815692657818428 0.9999999998909652 
1 50 100 1001 36200 0.007649901374119166 0.027834707105769123 0.9999999998906642 
1 50 100 1001 36300 0.007583027655128159 0.028373656667125838 0.9999999998903613 
1 50 100 1001 36400 0.007492656437304578 0.028577967380530426 0.9999999998900614 
1 50 100 1001 36500 0.0073529031332657925 0.028729608511322453 0.9999999998897591 
1 50 100 1001 36600 0.007289266196163347 0.028706440895363394 0.9999999998894565 
1 50 100 1001 36700 0.007316827650293784 0.028180538512944744 0.9999999998891549 
1 50 100 1001 36800 0.007350080479905167 0.02740560198883039 0.9999999998888526 
1 50 100 1001 36900 0.007388977670806482 0.027556277944985393 0.9999999998885499 
1 50 100 1001 37000 0.007420489130499871 0.028161417907004663 0.9999999998882483 
1 50 100 1001 37100 0.007453476332015303 0.028336872228251073 0.9999999998879455 
1 50 100 1001 37200 0.007509946760998954 0.028204693104477287 0.9999999998876442 
1 50 100 1001 37300 0.007582519530799039 0.02781939172690662 0.9999999998873423 
1 50 100 1001 37400 0.007629710352660638 0.02780630265386815 0.9999999998870406 
1 50 100 1001 37500 0.00763484276037692 0.027885319628359027 0.9999999998867388 
1 50 100 1001 37600 0.007674080595614326 0.027962151866484125 0.999999999886436 
1 50 100 1001 37700 0.007730034634084837 0.028091125181586678 0.9999999998861341 
1 50 100 1001 37800 0.007743806008631359 0.027930492035178563 0.9999999998858328 
1 50 100 1001 37900 0.007689640799347915 0.02787766786214111 0.9999999998855299 
1 50 100 1001 38000 0.007656598180352724 0.02797039006498673 0.9999999998852285 
1 50 100 1001 38100 0.007710716863067086 0.027962792973086938 0.9999999998849254 
1 50 100 1001 38200 0.007792918409249388 0.02799622029052965 0.9999999998846238 
1 50 100 1001 38300 0.007900177575592087 0.028199453084194002 0.9999999998843212 
1 50 100 1001 38400 0.008000623866278153 0.028292080284024235 0.9999999998840182 
1 50 100 1001 38500 0.008077731482589324 0.027989247806257837 0.9999999998837181 
1 50 100 1001 38600 0.008042171672248596 0.027458725245919628 0.9999999998834151 
1 50 100 1001 38700 0.007903404221103923 0.027275692559245657 0.9999999998831136 
1 50 100 1001 38800 0.007815724818829136 0.027113679270177892 0.9999999998828107 
1 50 100 1001 38900 0.007771642172982543 0.026999844292679882 0.9999999998825093 
1 50 100 1001 39000 0.007786706741132775 0.027173341314643135 0.9999999998822071 
1 50 100 1001 39100 0.007901947398992424 0.0277907944115456 0.9999999998819054 
1 50 100 1001 39200 0.008035457673827816 0.028051934971326173 0.999999999881603 
1 50 100 1001 39300 0.008163388848695535 0.027781579891515258 0.999999999881301 
1 50 100 1001 39400 0.00824536838994573 0.02777741314470973 0.9999999998809997 
1 50 100 1001 39500 0.008257723244125659 0.02793872928664467 0.9999999998806965 
1 50 100 1001 39600 0.008179043380320057 0.027897690080736098 0.9999999998803941 
1 50 100 1001 39700 0.008111267377163923 0.02799090339194281 0.9999999998800919 
1 50 100 1001 39800 0.008186846910873189 0.028124798401050567 0.9999999998797895 
1 50 100 1001 39900 0.008297454073838589 0.027995973068136244 0.9999999998794882 
1 50 100 1001 40000 0.008358070439056758 0.027992019456031313 0.9999999998791863 
1 50 100 1001 40100 0.008312433456788643 0.02813740540138842 0.9999999998788837 
1 50 100 1001 40200 0.00825507150026919 0.028229017571577534 0.9999999998785832 
1 50 100 1001 40300 0.008207902909484848 0.02819906177427071 0.9999999998782811 
1 50 100 1001 40400 0.008155527967568939 0.02756539642771611 0.9999999998779786 
1 50 100 1001 40500 0.008099388315299721 0.027497237768166424 0.999999999877676 
1 50 100 1001 40600 0.008163722026453005 0.028225069815421177 0.9999999998773746 
1 50 100 1001 40700 0.008259024974414568 0.028528021441940343 0.9999999998770719 
1 50 100 1001 40800 0.008315185314124751 0.02853090423180069 0.9999999998767711 
1 50 100 1001 40900 0.008347413331087676 0.02858623414618688 0.9999999998764693 
1 50 100 1001 41000 0.008396064430113972 0.028385040234464077 0.999999999876167 
1 50 100 1001 41100 0.008534050016289851 0.02863640361723965 0.9999999998758641 
1 50 100 1001 41200 0.008581394858719966 0.028633478185561664 0.9999999998755615 
1 50 100 1001 41300 0.008574260242298471 0.028463764662849 0.9999999998752602 
1 50 100 1001 41400 0.008622175110062736 0.02807658560766034 0.9999999998749591 
1 50 100 1001 41500 0.008685229062865318 0.02805841205752575 0.9999999998746567 
1 50 100 1001 41600 0.008760431738627754 0.028711950287009045 0.9999999998743543 
1 50 100 1001 41700 0.008819170387455135 0.02900032005299553 0.999999999874052 
1 50 100 1001 41800 0.008774068147070707 0.02856037829135354 0.9999999998737501 
1 50 100 1001 41900 0.008704505069731189 0.028499186226582318 0.9999999998734487 
1 50 100 1001 42000 0.00871193381408304 0.028551120203175354 0.9999999998731458 
1 50 100 1001 42100 0.008775448260486308 0.02858038135821052 0.9999999998728435 
1 50 100 1001 42200 0.008806051227965607 0.028289838888108817 0.9999999998725426 
1 50 100 1001 42300 0.0087274919002438 0.028132385541711442 0.999999999872242 
1 50 100 1001 42400 0.008610385412181247 0.02791153599821662 0.9999999998719385 
1 50 100 1001 42500 0.008626431896587983 0.028331685913400722 0.9999999998716358 
1 50 100 1001 42600 0.008642418887710621 0.02828896735302337 0.9999999998713339 
1 50 100 1001 42700 0.008638793917610719 0.028173976004406135 0.9999999998710318 
1 50 100 1001 42800 0.00870124730105552 0.02820991858941882 0.9999999998707301 
1 50 100 1001 42900 0.008795786175491016 0.02842851547070883 0.9999999998704305 
1 50 100 1001 43000 0.008895591460621275 0.02834525513849339 0.9999999998701242 
1 50 100 1001 43100 0.00903651568018863 0.028381601103087618 0.9999999998698237 
1 50 100 1001 43200 0.009058007171764701 0.02826178768364122 0.9999999998695217 
1 50 100 1001 43300 0.008922661941472558 0.02822740808062654 0.99999999986922 
1 50 100 1001 43400 0.008765157307978345 0.027734622331831205 0.9999999998689184 
1 50 100 1001 43500 0.008724454690050778 0.027688383960164372 0.9999999998686167 
1 50 100 1001 43600 0.008823924627377288 0.02791626779010949 0.9999999998683136 
1 50 100 1001 43700 0.00885803933462026 0.027936767946617366 0.999999999868013 
1 50 100 1001 43800 0.00879968769683316 0.027814733778610105 0.9999999998677099 
1 50 100 1001 43900 0.008769018824231492 0.027781070489197247 0.9999999998674086 
1 50 100 1001 44000 0.008723358910408548 0.02788505745779164 0.9999999998671079 
1 50 100 1001 44100 0.008726040795004055 0.028231515957285434 0.9999999998668032 
1 50 100 1001 44200 0.00883186506358803 0.028338862015121456 0.9999999998665038 
1 50 100 1001 44300 0.008981252370179727 0.02814744190221539 0.9999999998662006 
1 50 100 1001 44400 0.009049992035142085 0.027675687451833526 0.999999999865898 
1 50 100 1001 44500 0.009019866084223678 0.027359563555146366 0.9999999998655972 
1 50 100 1001 44600 0.009038072167968248 0.027860091886288324 0.9999999998652944 
1 50 100 1001 44700 0.009092836380285811 0.02801554516038704 0.9999999998649923 
1 50 100 1001 44800 0.009141256535753312 0.027944117849713818 0.999999999864689 
1 50 100 1001 44900 0.00923267425808638 0.02798080323977779 0.9999999998643887 
1 50 100 1001 45000 0.009295515330773715 0.02784148797528779 0.9999999998640847 
1 50 100 1001 45100 0.009281946690351409 0.027611761629295153 0.9999999998637836 
1 50 100 1001 45200 0.009272661159732942 0.02796066713703536 0.9999999998634801 
1 50 100 1001 45300 0.009344355749531836 0.02815566774322267 0.9999999998631798 
1 50 100 1001 45400 0.009354832610549603 0.02808825291831949 0.999999999862877 
1 50 100 1001 45500 0.009340575766736983 0.02785476659800358 0.9999999998625765 
1 50 100 1001 45600 0.009306017381487841 0.027786862961019416 0.9999999998622731 
1 50 100 1001 45700 0.00928727426526789 0.027642689368684976 0.9999999998619703 
1 50 100 1001 45800 0.009305005571447408 0.02778354874098456 0.9999999998616689 
1 50 100 1001 45900 0.009293005500881194 0.028025078868824594 0.9999999998613675 
1 50 100 1001 46000 0.009317898287474223 0.028415394056530163 0.9999999998610639 
1 50 100 1001 46100 0.00931830844349058 0.02874554517963087 0.9999999998607623 
1 50 100 1001 46200 0.009291307967998274 0.02851827815769354 0.9999999998604611 
1 50 100 1001 46300 0.009393536882911259 0.028423931414950792 0.9999999998601584 
1 50 100 1001 46400 0.009573362887181325 0.028428571138495347 0.9999999998598562 
1 50 100 1001 46500 0.009679036518290933 0.02787511334790492 0.9999999998595548 
1 50 100 1001 46600 0.009665764834624509 0.02753865479105226 0.9999999998592527 
1 50 100 1001 46700 0.00955049749380428 0.02739177984509316 0.999999999858951 
1 50 100 1001 46800 0.00938423670940106 0.02759902092728869 0.9999999998586488 
1 50 100 1001 46900 0.0092078699490184 0.027843185176141663 0.9999999998583465 
1 50 100 1001 47000 0.009157764195951632 0.0279411356123067 0.9999999998580434 
1 50 100 1001 47100 0.009238794820314207 0.028184014088202574 0.9999999998577415 
1 50 100 1001 47200 0.009466691882249552 0.028162332676343833 0.9999999998574404 
1 50 100 1001 47300 0.00967259318678532 0.027938299155990016 0.9999999998571373 
1 50 100 1001 47400 0.009741946958564757 0.027916263809649566 0.9999999998568367 
1 50 100 1001 47500 0.00967669824745181 0.027832926748010377 0.9999999998565362 
1 50 100 1001 47600 0.009615257996938567 0.027776007464052437 0.9999999998562326 
1 50 100 1001 47700 0.009694096001413997 0.0275503947589539 0.9999999998559314 
1 50 100 1001 47800 0.009787796981953843 0.027497794543572915 0.999999999855627 
1 50 100 1001 47900 0.009848448634596716 0.027983122460163788 0.9999999998553241 
1 50 100 1001 48000 0.00987204527814375 0.02839925476687015 0.9999999998550226 
1 50 100 1001 48100 0.009798773193291923 0.02849260777896606 0.9999999998547219 
1 50 100 1001 48200 0.009673447305208267 0.02824182657812203 0.9999999998544195 
1 50 100 1001 48300 0.009516173743912809 0.027919487136744605 0.999999999854117 
1 50 100 1001 48400 0.00958443037678741 0.02796423220033864 0.9999999998538154 
1 50 100 1001 48500 0.009840989513998503 0.028132986373792995 0.9999999998535151 
1 50 100 1001 48600 0.010039678706617768 0.0278733966678376 0.9999999998532109 
1 50 100 1001 48700 0.010102190419769128 0.027657377047959793 0.9999999998529093 
1 50 100 1001 48800 0.009992329718369934 0.027680262698344654 0.999999999852608 
1 50 100 1001 48900 0.009966476383678598 0.02742841582051188 0.9999999998523048 
1 50 100 1001 49000 0.009984267937073302 0.027427874267824844 0.9999999998520038 
1 50 100 1001 49100 0.009952664422721294 0.027463030780470254 0.9999999998517012 
1 50 100 1001 49200 0.010130428311111954 0.027789444183362374 0.9999999998514011 
1 50 100 1001 49300 0.010276646110533447 0.027996798546535504 0.9999999998510978 
1 50 100 1001 49400 0.010285475948433672 0.027903647347793246 0.9999999998507947 
1 50 100 1001 49500 0.010137579362964529 0.02834451789001258 0.9999999998504934 
1 50 100 1001 49600 0.00992498562389716 0.02853513551878465 0.9999999998501916 
1 50 100 1001 49700 0.00991473235832965 0.028714006513321684 0.9999999998498897 
1 50 100 1001 49800 0.010002192462751915 0.028673009746773857 0.9999999998495884 
1 50 100 1001 49900 0.010150773498143735 0.02838200302594813 0.999999999849286 
1 50 100 1001 50000 0.010407454132743885 0.027940819041405385 0.9999999998489824 
1 50 100 1001 50100 0.010549468123598046 0.027835191853667313 0.9999999998486827 
1 50 100 1001 50200 0.010467448731029566 0.027831377734183847 0.9999999998483804 
1 50 100 1001 50300 0.01024017342308563 0.02756559499749601 0.999999999848078 
1 50 100 1001 50400 0.010002622015837999 0.027150670364066855 0.9999999998477765 
1 50 100 1001 50500 0.009836902215573458 0.02702555158790186 0.9999999998474742 
1 50 100 1001 50600 0.009763007306660798 0.027431881509622582 0.9999999998471718 
1 50 100 1001 50700 0.009925022308396007 0.02728623296663082 0.9999999998468678 
1 50 100 1001 50800 0.010156842154105214 0.02712456106103419 0.9999999998465673 
1 50 100 1001 50900 0.01028655836126946 0.027471359794189656 0.9999999998462641 
1 50 100 1001 51000 0.010321610515543622 0.0277743949142192 0.9999999998459623 
1 50 100 1001 51100 0.010248385759728697 0.02828667658075765 0.9999999998456629 
1 50 100 1001 51200 0.01017477754323994 0.02831200281456435 0.9999999998453585 
1 50 100 1001 51300 0.010159077068310665 0.027814994133092668 0.9999999998450572 
1 50 100 1001 51400 0.010247451020172318 0.027762063423602774 0.9999999998447539 
1 50 100 1001 51500 0.010461759083182342 0.02768708736374299 0.9999999998444525 
1 50 100 1001 51600 0.010541452550944817 0.027532419781215553 0.9999999998441504 
1 50 100 1001 51700 0.010469341440348157 0.027561828334377928 0.9999999998438487 
1 50 100 1001 51800 0.01034753812410922 0.027970206689007408 0.999999999843547 
1 50 100 1001 51900 0.010313911657240552 0.028474592166016638 0.9999999998432445 
1 50 100 1001 52000 0.010383060565189 0.028732354116505657 0.9999999998429423 
1 50 100 1001 52100 0.010470465392275748 0.028864042259083098 0.9999999998426399 
1 50 100 1001 52200 0.010545879151398388 0.028850018074692143 0.9999999998423384 
1 50 100 1001 52300 0.010632892358817612 0.02848861363203464 0.9999999998420352 
1 50 100 1001 52400 0.01061717444545092 0.028350722017506304 0.9999999998417337 
1 50 100 1001 52500 0.010549779009358742 0.02864808616767381 0.9999999998414324 
1 50 100 1001 52600 0.010609339036992458 0.028425193967417352 0.9999999998411283 
1 50 100 1001 52700 0.010741519109248775 0.028395899341805246 0.9999999998408287 
1 50 100 1001 52800 0.010798465408278009 0.0281248858532717 0.9999999998405256 
1 50 100 1001 52900 0.010767479618838055 0.027791611018130512 0.9999999998402239 
1 50 100 1001 53000 0.010652083888740576 0.02752408310926668 0.9999999998399216 
1 50 100 1001 53100 0.01058007695443913 0.02760024307827665 0.9999999998396194 
1 50 100 1001 53200 0.010574331364868492 0.027685360703268134 0.9999999998393185 
1 50 100 1001 53300 0.010651734975793874 0.02766511525583862 0.9999999998390152 
1 50 100 1001 53400 0.010740875723475775 0.02789087419978363 0.9999999998387141 
1 50 100 1001 53500 0.010779539246269343 0.02826984940386458 0.9999999998384109 
1 50 100 1001 53600 0.010876307568921804 0.028397481749303618 0.9999999998381089 
1 50 100 1001 53700 0.010932759201602504 0.028224063041625936 0.9999999998378073 
1 50 100 1001 53800 0.010877533058512665 0.02822312842509071 0.9999999998375051 
1 50 100 1001 53900 0.01076172745114857 0.02799480069905508 0.9999999998372031 
1 50 100 1001 54000 0.010676589273013725 0.027510866020136873 0.9999999998369004 
1 50 100 1001 54100 0.010700557731086484 0.027850232702175695 0.9999999998365995 
1 50 100 1001 54200 0.010913522531841491 0.02873718380384093 0.999999999836297 
1 50 100 1001 54300 0.011174056582841008 0.028589657592002587 0.9999999998359962 
1 50 100 1001 54400 0.011297729209047659 0.028518151891296268 0.9999999998356931 
1 50 100 1001 54500 0.011242460137848286 0.02823215822026186 0.9999999998353903 
1 50 100 1001 54600 0.01112641112250552 0.02809098309791085 0.9999999998350896 
1 50 100 1001 54700 0.010995959981576237 0.028343080052714086 0.9999999998347879 
1 50 100 1001 54800 0.01093328031915371 0.027973077837975948 0.9999999998344864 
1 50 100 1001 54900 0.010941618609845622 0.027683058843525146 0.9999999998341847 
1 50 100 1001 55000 0.010914895393461677 0.027683334005563352 0.999999999833881 
1 50 100 1001 55100 0.010932187227624606 0.02801977723871269 0.9999999998335799 
1 50 100 1001 55200 0.01113039093900814 0.028564315750883904 0.9999999998332767 
1 50 100 1001 55300 0.01128112395358226 0.028605347831326847 0.9999999998329746 
1 50 100 1001 55400 0.011318903365021487 0.028366599740572405 0.9999999998326722 
1 50 100 1001 55500 0.011331735163715839 0.028269848820566202 0.9999999998323716 
1 50 100 1001 55600 0.011363819269057161 0.027996899431033596 0.9999999998320687 
1 50 100 1001 55700 0.01136896267922877 0.02745696769544803 0.9999999998317661 
1 50 100 1001 55800 0.011462317815892104 0.027701590400371578 0.9999999998314651 
1 50 100 1001 55900 0.011589887208501914 0.028142564656423473 0.9999999998311622 
1 50 100 1001 56000 0.011635679237721096 0.02843857163891685 0.9999999998308609 
1 50 100 1001 56100 0.011584744244190303 0.028215947538397613 0.9999999998305587 
1 50 100 1001 56200 0.011539756874484905 0.02805676963479453 0.9999999998302563 
1 50 100 1001 56300 0.011534193418169254 0.028411347822077892 0.9999999998299547 
1 50 100 1001 56400 0.011434209755834871 0.02848234564939114 0.9999999998296519 
1 50 100 1001 56500 0.011250953785853234 0.027815366606088188 0.9999999998293503 
1 50 100 1001 56600 0.011101768679745851 0.027829764180064144 0.9999999998290491 
1 50 100 1001 56700 0.011214760868559312 0.02849796598996858 0.9999999998287461 
1 50 100 1001 56800 0.011421667215990439 0.028491982075049303 0.9999999998284436 
1 50 100 1001 56900 0.01153549463958056 0.02838369624560955 0.9999999998281432 
1 50 100 1001 57000 0.0115149209146363 0.02838071203870059 0.9999999998278407 
1 50 100 1001 57100 0.011541362988515672 0.028342546544780696 0.9999999998275373 
1 50 100 1001 57200 0.01162127511944149 0.028527451728803874 0.9999999998272374 
1 50 100 1001 57300 0.011600461068040585 0.02832913092716423 0.9999999998269329 
1 50 100 1001 57400 0.011578532929550772 0.027965526288668673 0.9999999998266337 
1 50 100 1001 57500 0.01156842913116917 0.027567114873702645 0.9999999998263306 
1 50 100 1001 57600 0.01153052392145572 0.027406989351180612 0.9999999998260278 
1 50 100 1001 57700 0.011431920329119143 0.027572917442958207 0.9999999998257255 
1 50 100 1001 57800 0.011504901493670944 0.027786395480268646 0.9999999998254233 
1 50 100 1001 57900 0.011605817216362814 0.0273673453575013 0.999999999825122 
1 50 100 1001 58000 0.01171953543936223 0.027387615525064024 0.9999999998248185 
1 50 100 1001 58100 0.011723984290924172 0.02755415623075857 0.9999999998245187 
1 50 100 1001 58200 0.011617859615269675 0.027917750539524853 0.9999999998242151 
1 50 100 1001 58300 0.011565597775537681 0.027932002303633276 0.9999999998239112 
1 50 100 1001 58400 0.011454909782649987 0.027876509116366098 0.9999999998236109 
1 50 100 1001 58500 0.011415368598188523 0.02829364861865838 0.9999999998233088 
1 50 100 1001 58600 0.011526745168253817 0.028824366021811775 0.9999999998230087 
1 50 100 1001 58700 0.011792673377237613 0.028644067043521276 0.9999999998227054 
1 50 100 1001 58800 0.012002277065299558 0.028510827537754573 0.9999999998224034 
1 50 100 1001 58900 0.012137430736998795 0.02870166860511564 0.9999999998221009 
1 50 100 1001 59000 0.012116875248113055 0.028659670180621283 0.9999999998218001 
1 50 100 1001 59100 0.012026177203553425 0.028610610947259533 0.9999999998214968 
1 50 100 1001 59200 0.011826373951082606 0.0282427286127531 0.9999999998211958 
1 50 100 1001 59300 0.011666984937434838 0.027501090186994277 0.9999999998208934 
1 50 100 1001 59400 0.011660642708470398 0.027507431632142903 0.9999999998205904 
1 50 100 1001 59500 0.011831954370864851 0.027959813191756763 0.9999999998202894 
1 50 100 1001 59600 0.012029023974799768 0.02807383302308857 0.999999999819988 
1 50 100 1001 59700 0.012079055055180796 0.02823144701840691 0.9999999998196857 
1 50 100 1001 59800 0.012043247843514654 0.027781867699541454 0.9999999998193829 
1 50 100 1001 59900 0.012063881599011823 0.028169472137504856 0.9999999998190814 
1 50 100 1001 60000 0.012184470920364267 0.028537196987301 0.9999999998187786 
1 50 100 1001 60100 0.01221879859512806 0.0277089585918467 0.9999999998184788 
1 50 100 1001 60200 0.012129495621826051 0.027190188854806865 0.9999999998181757 
1 50 100 1001 60300 0.011994179527189196 0.027540662908693378 0.9999999998178732 
1 50 100 1001 60400 0.011963150475530529 0.027678241941047843 0.9999999998175712 
1 50 100 1001 60500 0.012004096193191833 0.027982126849528128 0.9999999998172681 
1 50 100 1001 60600 0.012043866784254148 0.027757803834426595 0.9999999998169666 
1 50 100 1001 60700 0.012029533941557192 0.027703981564278838 0.9999999998166644 
1 50 100 1001 60800 0.0119757505777924 0.02832447877248297 0.999999999816361 
1 50 100 1001 60900 0.012043186929135806 0.02844946066922691 0.9999999998160601 
1 50 100 1001 61000 0.012201049657426128 0.028415073699697653 0.9999999998157582 
1 50 100 1001 61100 0.012271576756434624 0.02836903498650925 0.9999999998154554 
1 50 100 1001 61200 0.012283800975749548 0.02854228778618933 0.9999999998151552 
1 50 100 1001 61300 0.012385722291589591 0.02835636290648968 0.9999999998148527 
1 50 100 1001 61400 0.012532097775005776 0.0278856248065192 0.9999999998145508 
1 50 100 1001 61500 0.012557152256483378 0.027528978277270466 0.9999999998142496 
1 50 100 1001 61600 0.012429334505299408 0.027703594115241176 0.9999999998139469 
1 50 100 1001 61700 0.012187433139746144 0.02799401779684317 0.9999999998136448 
1 50 100 1001 61800 0.012002873885853933 0.028388546964389822 0.9999999998133429 
1 50 100 1001 61900 0.011972150214542275 0.0279796461866214 0.9999999998130406 
1 50 100 1001 62000 0.01203129846699359 0.027310923731926454 0.9999999998127389 
1 50 100 1001 62100 0.012077756270388526 0.02769619053736079 0.9999999998124355 
1 50 100 1001 62200 0.012211383210248509 0.028145531112788565 0.9999999998121337 
1 50 100 1001 62300 0.012414419304163316 0.028274134830055066 0.9999999998118324 
1 50 100 1001 62400 0.012672755704964062 0.02835236837381898 0.9999999998115295 
1 50 100 1001 62500 0.012846851009161001 0.028666064497487275 0.9999999998112283 
1 50 100 1001 62600 0.012915614506627631 0.028370345115080766 0.9999999998109284 
1 50 100 1001 62700 0.012895945311703176 0.028065151748310296 0.9999999998106245 
1 50 100 1001 62800 0.012790434021526043 0.028331144074305342 0.9999999998103241 
1 50 100 1001 62900 0.012559026133049538 0.028639161351544283 0.999999999810021 
1 50 100 1001 63000 0.012211240749506047 0.028738687244740345 0.9999999998097195 
1 50 100 1001 63100 0.011934637704478019 0.0283001769692194 0.9999999998094151 
1 50 100 1001 63200 0.012038146244341649 0.02797912201972983 0.9999999998091146 
1 50 100 1001 63300 0.012418286567045835 0.027898183391322266 0.999999999808812 
1 50 100 1001 63400 0.012768774136093756 0.028133746057917953 0.99999999980851 
1 50 100 1001 63500 0.012906761182593311 0.028003020732277173 0.9999999998082097 
1 50 100 1001 63600 0.012866619137590187 0.02827553558541893 0.9999999998079057 
1 50 100 1001 63700 0.012823509304674845 0.02868521506217347 0.9999999998076035 
1 50 100 1001 63800 0.012763469434836831 0.028653122755292738 0.9999999998073015 
1 50 100 1001 63900 0.012652516071752763 0.02838206908803105 0.9999999998070006 
1 50 100 1001 64000 0.012645546582894282 0.028361410562849774 0.9999999998066992 
1 50 100 1001 64100 0.012646892761407551 0.02881463504980175 0.9999999998063963 
1 50 100 1001 64200 0.012634000167807377 0.0289677352955291 0.9999999998060938 
1 50 100 1001 64300 0.01267903797417431 0.02856311980166147 0.9999999998057931 
1 50 100 1001 64400 0.012820275793889618 0.028437018071691716 0.9999999998054898 
1 50 100 1001 64500 0.012867845119726301 0.028023152938603583 0.9999999998051882 
1 50 100 1001 64600 0.012833847087453304 0.027421673374446197 0.9999999998048846 
1 50 100 1001 64700 0.012880053407868715 0.0272375274497496 0.9999999998045841 
1 50 100 1001 64800 0.013005555149793098 0.027538457256844045 0.9999999998042802 
1 50 100 1001 64900 0.013112813249509995 0.027893582929812456 0.9999999998039798 
1 50 100 1001 65000 0.013125675145659085 0.02773781194386108 0.9999999998036759 
1 50 100 1001 65100 0.013033383077337896 0.027842265394955452 0.9999999998033765 
1 50 100 1001 65200 0.01294512941368079 0.028120810460007917 0.9999999998030727 
1 50 100 1001 65300 0.012938151238448162 0.02811003106697256 0.9999999998027702 
1 50 100 1001 65400 0.012937065934967195 0.028144575628675724 0.9999999998024691 
1 50 100 1001 65500 0.01284848478613822 0.028044969546863915 0.9999999998021672 
1 50 100 1001 65600 0.012712461721262244 0.028353806566853938 0.999999999801864 
1 50 100 1001 65700 0.01271191189411151 0.02876788802716281 0.9999999998015621 
1 50 100 1001 65800 0.012897393183064078 0.028633543824310624 0.9999999998012603 
1 50 100 1001 65900 0.013009394000668415 0.028663911306212455 0.9999999998009572 
1 50 100 1001 66000 0.013071182738209066 0.029091142186220793 0.9999999998006571 
1 50 100 1001 66100 0.013160454778270303 0.02882624018292871 0.9999999998003558 
1 50 100 1001 66200 0.013288114580875737 0.028234228863716845 0.9999999998000528 
1 50 100 1001 66300 0.013343995334386724 0.027670856771211963 0.9999999997997521 
1 50 100 1001 66400 0.013296905246430363 0.027098157011572158 0.9999999997994492 
1 50 100 1001 66500 0.01327219903158186 0.02732411670693029 0.9999999997991466 
1 50 100 1001 66600 0.013193707487548317 0.02786072392988164 0.9999999997988448 
1 50 100 1001 66700 0.013059350426134412 0.028099763083539828 0.9999999997985429 
1 50 100 1001 66800 0.013092743136676271 0.028036343992387774 0.9999999997982396 
1 50 100 1001 66900 0.013158751025756732 0.028269182801771552 0.9999999997979365 
1 50 100 1001 67000 0.01326870958683973 0.028358101866863245 0.9999999997976365 
1 50 100 1001 67100 0.01352317049733189 0.02840690401747171 0.9999999997973346 
1 50 100 1001 67200 0.01367037340847736 0.02860516934606015 0.9999999997970319 
1 50 100 1001 67300 0.013592516486955149 0.02860288998342945 0.9999999997967295 
1 50 100 1001 67400 0.013388317877226205 0.02845741539861809 0.9999999997964287 
1 50 100 1001 67500 0.013268376562802412 0.02803545245461268 0.9999999997961251 
1 50 100 1001 67600 0.013393443496570383 0.02762813142969894 0.9999999997958243 
1 50 100 1001 67700 0.013487145907451844 0.02749546005209872 0.9999999997955213 
1 50 100 1001 67800 0.013396823193807715 0.027590850066293828 0.9999999997952196 
1 50 100 1001 67900 0.013163948547037488 0.02792467086320865 0.9999999997949182 
1 50 100 1001 68000 0.013012358189978944 0.028288378389401805 0.9999999997946154 
1 50 100 1001 68100 0.013133354850185873 0.028051985135723555 0.9999999997943136 
1 50 100 1001 68200 0.013385238834342504 0.027784713117680222 0.9999999997940144 
1 50 100 1001 68300 0.013533801537901454 0.027876393231868028 0.999999999793709 
1 50 100 1001 68400 0.01357207411976248 0.0278055690768704 0.9999999997934094 
1 50 100 1001 68500 0.013555263750432107 0.02742556099246223 0.9999999997931062 
1 50 100 1001 68600 0.013563770580363526 0.027459809286695724 0.9999999997928036 
1 50 100 1001 68700 0.013605200967505558 0.02769590906626996 0.999999999792501 
1 50 100 1001 68800 0.013637044869336297 0.028066033702677275 0.9999999997921999 
1 50 100 1001 68900 0.013638117366901337 0.028152721634818186 0.9999999997918975 
1 50 100 1001 69000 0.01368114154882392 0.028291177901321473 0.9999999997915957 
1 50 100 1001 69100 0.01377573102480621 0.028281560164753458 0.9999999997912932 
1 50 100 1001 69200 0.013905865326467162 0.02782851767425298 0.9999999997909912 
1 50 100 1001 69300 0.013810444840680365 0.027654200290815438 0.9999999997906917 
1 50 100 1001 69400 0.01364980561818354 0.02733709799797122 0.9999999997903881 
1 50 100 1001 69500 0.01362573450039977 0.027669119743666117 0.9999999997900864 
1 50 100 1001 69600 0.013749537831732783 0.02787158722581143 0.9999999997897846 
1 50 100 1001 69700 0.013891112848706052 0.027718440782582118 0.9999999997894828 
1 50 100 1001 69800 0.013928761802914226 0.027500792459527197 0.9999999997891805 
1 50 100 1001 69900 0.01386766279138743 0.027334271025482925 0.9999999997888767 
1 50 100 1001 70000 0.013674292582026387 0.027848153202223835 0.9999999997885739 
1 50 100 1001 70100 0.013452085388498269 0.0282515569586178 0.9999999997882735 
1 50 100 1001 70200 0.013480869302510523 0.028421834265111783 0.9999999997879715 
1 50 100 1001 70300 0.013689463059974101 0.028255176793208537 0.9999999997876686 
1 50 100 1001 70400 0.013861461923934037 0.028452213624564734 0.9999999997873675 
1 50 100 1001 70500 0.01393381368291541 0.02896154704501762 0.9999999997870658 
1 50 100 1001 70600 0.013942226184322575 0.028679672420370676 0.999999999786761 
1 50 100 1001 70700 0.013893077325777894 0.028262757278588763 0.9999999997864613 
1 50 100 1001 70800 0.013910677302552615 0.027793956536870418 0.9999999997861589 
1 50 100 1001 70900 0.01392026451880951 0.02733179590105738 0.9999999997858567 
1 50 100 1001 71000 0.013901623574814365 0.027179304033699715 0.9999999997855542 
1 50 100 1001 71100 0.013909711955520262 0.02741161314430729 0.9999999997852526 
1 50 100 1001 71200 0.013991413577748591 0.027914950242533928 0.9999999997849498 
1 50 100 1001 71300 0.01417312273112294 0.027875444463846346 0.9999999997846489 
1 50 100 1001 71400 0.014185223910539987 0.027786338250506158 0.9999999997843478 
1 50 100 1001 71500 0.014054236867197603 0.027987897797650173 0.9999999997840446 
1 50 100 1001 71600 0.013932996266532962 0.028271047098221938 0.9999999997837441 
1 50 100 1001 71700 0.013934741645227003 0.028146302589964367 0.9999999997834423 
1 50 100 1001 71800 0.014043262144229855 0.027995181831347832 0.9999999997831394 
1 50 100 1001 71900 0.014198730557906523 0.027969614177003686 0.9999999997828354 
1 50 100 1001 72000 0.014300617064198039 0.028807196231201277 0.9999999997825346 
1 50 100 1001 72100 0.014246066031241048 0.028754900279330132 0.999999999782232 
1 50 100 1001 72200 0.01402251802214118 0.02834824686794917 0.999999999781932 
1 50 100 1001 72300 0.013847695207138714 0.028114925285005078 0.9999999997816283 
1 50 100 1001 72400 0.013916611487178827 0.027790185268732184 0.9999999997813275 
1 50 100 1001 72500 0.014183691161244506 0.02768812835127123 0.9999999997810252 
1 50 100 1001 72600 0.0143710153003203 0.02784399083670302 0.9999999997807225 
1 50 100 1001 72700 0.014482188594428924 0.027378599095423138 0.9999999997804209 
1 50 100 1001 72800 0.01443182404060431 0.02668992095155085 0.9999999997801194 
1 50 100 1001 72900 0.014183711691521996 0.0269000778076496 0.9999999997798161 
1 50 100 1001 73000 0.01397286143618446 0.027545407575163876 0.9999999997795138 
1 50 100 1001 73100 0.013946790030120183 0.027771749747191408 0.9999999997792132 
1 50 100 1001 73200 0.014071476020912677 0.0279906677701575 0.99999999977891 
1 50 100 1001 73300 0.014310658937037231 0.028004087539024163 0.9999999997786089 
1 50 100 1001 73400 0.01460245457442987 0.027769937146115996 0.9999999997783064 
1 50 100 1001 73500 0.014729159282718948 0.027791979371463566 0.999999999778006 
1 50 100 1001 73600 0.01465677744849824 0.028073006663161912 0.9999999997777012 
1 50 100 1001 73700 0.014483261261676312 0.028413324205209353 0.9999999997774004 
1 50 100 1001 73800 0.014397498945030297 0.028202090943753633 0.9999999997770982 
1 50 100 1001 73900 0.014482126378376332 0.02755959602248526 0.9999999997767969 
1 50 100 1001 74000 0.01454815660912235 0.027448533280682558 0.9999999997764931 
1 50 100 1001 74100 0.014639817169464182 0.02782347721787894 0.9999999997761927 
1 50 100 1001 74200 0.014848145724703905 0.028315208478516898 0.999999999775888 
1 50 100 1001 74300 0.01490094722938448 0.028507054204320842 0.9999999997755858 
1 50 100 1001 74400 0.014803059131756625 0.02813148695008169 0.9999999997752852 
1 50 100 1001 74500 0.014457484090696202 0.027784080571489612 0.9999999997749827 
1 50 100 1001 74600 0.0140921373468187 0.027946168982943602 0.9999999997746818 
1 50 100 1001 74700 0.013943577610527886 0.028100348394081143 0.9999999997743796 
1 50 100 1001 74800 0.014143987788670579 0.02819932260364019 0.9999999997740762 
1 50 100 1001 74900 0.014425689099550122 0.028417693305285187 0.999999999773775 
1 50 100 1001 75000 0.014546158818032335 0.028587881961200302 0.9999999997734728 
1 50 100 1001 75100 0.01457711740856827 0.028545470733391472 0.9999999997731708 
1 50 100 1001 75200 0.01447693538753691 0.02826187929050597 0.9999999997728684 
1 50 100 1001 75300 0.014339760600939623 0.028101564720751083 0.9999999997725664 
1 50 100 1001 75400 0.014419079539274151 0.028355131242476673 0.9999999997722643 
1 50 100 1001 75500 0.014639522370910504 0.028252972116012205 0.999999999771965 
1 50 100 1001 75600 0.014822439140837203 0.028096857300033647 0.9999999997716603 
1 50 100 1001 75700 0.014896623794161217 0.02814894961288734 0.9999999997713603 
1 50 100 1001 75800 0.014840071319640219 0.028081765182771848 0.9999999997710557 
1 50 100 1001 75900 0.01470651020197856 0.027808636856448635 0.999999999770756 
1 50 100 1001 76000 0.014489733798576461 0.028293564083721044 0.9999999997704535 
1 50 100 1001 76100 0.014329822190770298 0.028606156940580066 0.9999999997701495 
1 50 100 1001 76200 0.014360133029232457 0.02830567358701753 0.9999999997698475 
1 50 100 1001 76300 0.014667856919784355 0.027877005556216014 0.9999999997695469 
1 50 100 1001 76400 0.01485437666871554 0.02775402975301963 0.9999999997692437 
1 50 100 1001 76500 0.01482449131167775 0.027943567713310066 0.999999999768941 
1 50 100 1001 76600 0.014719561425320885 0.02811362679023263 0.9999999997686388 
1 50 100 1001 76700 0.014657236611891644 0.028172413085274985 0.9999999997683376 
1 50 100 1001 76800 0.014790996085083347 0.02799649444123524 0.9999999997680351 
1 50 100 1001 76900 0.015020563618378405 0.028082891621706723 0.9999999997677339 
1 50 100 1001 77000 0.015198025623942646 0.028100168624057977 0.9999999997674328 
1 50 100 1001 77100 0.015170096907857318 0.028106807282073563 0.9999999997671285 
1 50 100 1001 77200 0.015011757926176459 0.028251184376358224 0.9999999997668277 
1 50 100 1001 77300 0.014930606517678855 0.028695271035716167 0.9999999997665265 
1 50 100 1001 77400 0.01506334574787711 0.028967809182688327 0.9999999997662222 
1 50 100 1001 77500 0.01526188942779839 0.028831473527943907 0.9999999997659226 
1 50 100 1001 77600 0.015311939182397694 0.028784080291060412 0.999999999765619 
1 50 100 1001 77700 0.015200860910600337 0.028583379148800218 0.9999999997653176 
1 50 100 1001 77800 0.01510718932212532 0.02838733280822378 0.9999999997650144 
1 50 100 1001 77900 0.015082159095777162 0.028281634689460714 0.9999999997647133 
1 50 100 1001 78000 0.015073906038446338 0.02813012214216631 0.9999999997644115 
1 50 100 1001 78100 0.015084459143256098 0.02765244169440254 0.9999999997641097 
1 50 100 1001 78200 0.01507939683820225 0.027253424258088157 0.999999999763808 
1 50 100 1001 78300 0.015052407904101403 0.02767306298840502 0.9999999997635047 
1 50 100 1001 78400 0.015034721569621197 0.028012039413229727 0.9999999997632029 
1 50 100 1001 78500 0.01500544972301941 0.028304918669367497 0.999999999762903 
1 50 100 1001 78600 0.014914013929559851 0.02817299213688166 0.9999999997626002 
1 50 100 1001 78700 0.014812013634606472 0.02772011984692564 0.9999999997622959 
1 50 100 1001 78800 0.014764729063590352 0.02777369646872664 0.9999999997619933 
1 50 100 1001 78900 0.014780102327720993 0.028120785430562543 0.999999999761691 
1 50 100 1001 79000 0.01491705026884832 0.028687202366216805 0.999999999761391 
1 50 100 1001 79100 0.014981981924881817 0.02887465194093685 0.9999999997610897 
1 50 100 1001 79200 0.0149336753324907 0.028683028005622044 0.9999999997607849 
1 50 100 1001 79300 0.01482102208332014 0.028703022033648565 0.999999999760485 
1 50 100 1001 79400 0.01477666952414752 0.02826825005977849 0.9999999997601826 
1 50 100 1001 79500 0.014877429538955817 0.027852907177454943 0.9999999997598796 
1 50 100 1001 79600 0.015116180034740129 0.027877566902583886 0.9999999997595791 
1 50 100 1001 79700 0.015321150466829954 0.027876100178555432 0.9999999997592764 
1 50 100 1001 79800 0.015299672636475102 0.02778885382006211 0.9999999997589746 
1 50 100 1001 79900 0.014998125239047266 0.027715094059820096 0.9999999997586723 
1 50 100 1001 80000 0.014667552861581785 0.02758152494861909 0.9999999997583706 
1 50 100 1001 80100 0.014633212946888019 0.02777899540388882 0.9999999997580692 
1 50 100 1001 80200 0.014947182225655007 0.02810268466091391 0.9999999997577672 
1 50 100 1001 80300 0.015272740349872886 0.02777325713398434 0.999999999757464 
1 50 100 1001 80400 0.015440548997651399 0.02727602797749635 0.9999999997571613 
1 50 100 1001 80500 0.015378469451640106 0.027428874246147664 0.9999999997568608 
1 50 100 1001 80600 0.015238929921618877 0.027586233738844567 0.9999999997565576 
1 50 100 1001 80700 0.015230664252448378 0.027500488492001207 0.999999999756255 
1 50 100 1001 80800 0.015366593254848656 0.02791302765078853 0.9999999997559524 
1 50 100 1001 80900 0.015440454034191106 0.02783724233183854 0.9999999997556511 
1 50 100 1001 81000 0.015487587272799213 0.02733949459849278 0.9999999997553494 
1 50 100 1001 81100 0.015483198079880548 0.02711229499720722 0.9999999997550475 
1 50 100 1001 81200 0.015414889364735456 0.027313813728717478 0.9999999997547452 
1 50 100 1001 81300 0.015357362645453 0.027610966638207404 0.9999999997544433 
1 50 100 1001 81400 0.015199736602751033 0.027983001270710517 0.9999999997541416 
1 50 100 1001 81500 0.014849261176893818 0.027816957020058545 0.9999999997538388 
1 50 100 1001 81600 0.01451763744379365 0.027363641932791696 0.9999999997535378 
1 50 100 1001 81700 0.014500359413707954 0.027509209921817303 0.9999999997532348 
1 50 100 1001 81800 0.014752464306895256 0.0277146287839425 0.9999999997529329 
1 50 100 1001 81900 0.015007372257424616 0.027751101003211258 0.9999999997526302 
1 50 100 1001 82000 0.015162518666143428 0.02811203189482207 0.9999999997523297 
1 50 100 1001 82100 0.015130494538822264 0.028173358840254754 0.9999999997520268 
1 50 100 1001 82200 0.015082853821207423 0.027728151380770043 0.9999999997517248 
1 50 100 1001 82300 0.01517005318958358 0.02746386259143708 0.9999999997514225 
1 50 100 1001 82400 0.015408867399039466 0.02731291394176919 0.99999999975112 
1 50 100 1001 82500 0.015717636558592554 0.027467641750395986 0.9999999997508183 
1 50 100 1001 82600 0.015855218093659473 0.027210679664126734 0.9999999997505161 
1 50 100 1001 82700 0.01570601762298398 0.0270108775953797 0.9999999997502148 
1 50 100 1001 82800 0.015420571415960696 0.027268988570008014 0.9999999997499119 
1 50 100 1001 82900 0.015201804291598493 0.027323932425349834 0.9999999997496093 
1 50 100 1001 83000 0.015039994527579521 0.027526724174933917 0.999999999749307 
1 50 100 1001 83100 0.01503797408260061 0.02791331393757362 0.9999999997490054 
1 50 100 1001 83200 0.01507338851634858 0.02835704194342711 0.9999999997487032 
1 50 100 1001 83300 0.015090571389180369 0.02834777235173531 0.9999999997484018 
1 50 100 1001 83400 0.01503322430617083 0.028160679036129517 0.9999999997480983 
1 50 100 1001 83500 0.015026711650688642 0.02804118213119805 0.9999999997477973 
1 50 100 1001 83600 0.015253758021145805 0.02816390328024147 0.9999999997474968 
1 50 100 1001 83700 0.015341841484971195 0.027867142433169432 0.9999999997471932 
1 50 100 1001 83800 0.015383297294339928 0.027864537878819196 0.9999999997468904 
1 50 100 1001 83900 0.015369906626890207 0.02788043849365798 0.999999999746589 
1 50 100 1001 84000 0.01540781668690749 0.027857967610939543 0.9999999997462867 
1 50 100 1001 84100 0.01545774269148152 0.027901731815827797 0.9999999997459857 
1 50 100 1001 84200 0.015487723781567249 0.027763572422365657 0.9999999997456822 
1 50 100 1001 84300 0.015796439597450224 0.027602766431502664 0.9999999997453809 
1 50 100 1001 84400 0.01602764713273756 0.027875324243778046 0.9999999997450784 
1 50 100 1001 84500 0.01613268317169633 0.028115891532938597 0.9999999997447762 
1 50 100 1001 84600 0.016214868328449962 0.027738673285633002 0.9999999997444752 
1 50 100 1001 84700 0.016180729071632025 0.02771398195404557 0.9999999997441738 
1 50 100 1001 84800 0.016161114699142744 0.02798473986321523 0.9999999997438705 
1 50 100 1001 84900 0.01612039756951237 0.028366491081205755 0.9999999997435692 
1 50 100 1001 85000 0.01604109498326022 0.028810795044740656 0.9999999997432675 
1 50 100 1001 85100 0.015992242256444352 0.02870350490534237 0.999999999742965 
1 50 100 1001 85200 0.01587609046256255 0.028469054831161442 0.9999999997426628 
1 50 100 1001 85300 0.015770995634637984 0.028518305729179225 0.9999999997423605 
1 50 100 1001 85400 0.015616897826633737 0.02832423206748732 0.9999999997420574 
1 50 100 1001 85500 0.015344238719577047 0.028109051543507346 0.9999999997417568 
1 50 100 1001 85600 0.015220208166784283 0.02852118789087187 0.9999999997414557 
1 50 100 1001 85700 0.015338714350256634 0.028664707421571546 0.9999999997411513 
1 50 100 1001 85800 0.015434097913743417 0.028536978136836748 0.9999999997408511 
1 50 100 1001 85900 0.015671880700998935 0.02852965772553219 0.9999999997405479 
1 50 100 1001 86000 0.015931785519234097 0.028463953693045538 0.9999999997402459 
1 50 100 1001 86100 0.01612419579189965 0.02817670436974846 0.9999999997399451 
1 50 100 1001 86200 0.015980447427714366 0.028304800527326365 0.9999999997396427 
1 50 100 1001 86300 0.0155939663607669 0.02797105519162514 0.9999999997393404 
1 50 100 1001 86400 0.01530685756075928 0.02764345787753074 0.9999999997390389 
1 50 100 1001 86500 0.015281601891042893 0.028208261679946577 0.9999999997387367 
1 50 100 1001 86600 0.015375875035047061 0.028853023755061002 0.9999999997384341 
1 50 100 1001 86700 0.01565207081522738 0.028663827056391297 0.9999999997381321 
1 50 100 1001 86800 0.015940727624141907 0.028074535396293815 0.9999999997378313 
1 50 100 1001 86900 0.015964269304886387 0.027829588556449753 0.9999999997375285 
1 50 100 1001 87000 0.01584766982502528 0.027517302920332515 0.9999999997372253 
1 50 100 1001 87100 0.0157548210394551 0.027107654332393604 0.9999999997369247 
1 50 100 1001 87200 0.015885978386194585 0.02716403622803443 0.999999999736623 
1 50 100 1001 87300 0.01616832817442163 0.027768123626417247 0.9999999997363211 
1 50 100 1001 87400 0.01638773171365535 0.028027909521999423 0.9999999997360175 
1 50 100 1001 87500 0.016556944262976624 0.02791665247334852 0.9999999997357142 
1 50 100 1001 87600 0.016688683664178347 0.02817946883686439 0.9999999997354139 
1 50 100 1001 87700 0.016824855574959403 0.028726076593540636 0.999999999735113 
1 50 100 1001 87800 0.016683715875063045 0.028782411759403576 0.9999999997348109 
1 50 100 1001 87900 0.016209879167878215 0.028520766970939262 0.9999999997345086 
1 50 100 1001 88000 0.015952654117272338 0.028271464027784958 0.9999999997342056 
1 50 100 1001 88100 0.01601775884440607 0.0278891290134731 0.9999999997339051 
1 50 100 1001 88200 0.01625912487146831 0.027455463176348074 0.9999999997336009 
1 50 100 1001 88300 0.016414914787369186 0.027515697152111645 0.9999999997333 
1 50 100 1001 88400 0.016278417559812863 0.02768538399050116 0.9999999997329979 
1 50 100 1001 88500 0.0159581702548029 0.02773514110496865 0.9999999997326943 
1 50 100 1001 88600 0.015879602067147634 0.028163271725421987 0.9999999997323937 
1 50 100 1001 88700 0.0158854707773074 0.02823062649031874 0.9999999997320913 
1 50 100 1001 88800 0.01582684324482122 0.027574811468266888 0.9999999997317901 
1 50 100 1001 88900 0.01608558872708734 0.027538539759523993 0.9999999997314878 
1 50 100 1001 89000 0.0163222207466659 0.028070353812875672 0.9999999997311863 
1 50 100 1001 89100 0.01643818560149765 0.027912535168026248 0.9999999997308842 
1 50 100 1001 89200 0.01644293188441235 0.027384488462491845 0.9999999997305831 
1 50 100 1001 89300 0.01657008691494717 0.02762647148187475 0.9999999997302804 
1 50 100 1001 89400 0.016633133779886032 0.027908791660496864 0.9999999997299771 
1 50 100 1001 89500 0.016615797810671438 0.02812366892642067 0.9999999997296756 
1 50 100 1001 89600 0.016483449029930056 0.027978775651967727 0.9999999997293746 
1 50 100 1001 89700 0.01638216453237775 0.027825278062181994 0.999999999729073 
1 50 100 1001 89800 0.016382366810851066 0.02738903862423155 0.9999999997287702 
1 50 100 1001 89900 0.01649561388434024 0.026858446283929943 0.999999999728468 
1 50 100 1001 90000 0.016363717892589415 0.027384627269226303 0.999999999728166 
1 50 100 1001 90100 0.016162241863996694 0.02831787797025373 0.9999999997278646 
1 50 100 1001 90200 0.01610296631200317 0.02841062644323095 0.9999999997275616 
1 50 100 1001 90300 0.016097375656797943 0.027663733341936215 0.9999999997272598 
1 50 100 1001 90400 0.01600196208540762 0.026942249868788633 0.999999999726956 
1 50 100 1001 90500 0.016073593089516988 0.028059081892651064 0.9999999997266552 
1 50 100 1001 90600 0.016333952592145238 0.028715829486768527 0.9999999997263559 
1 50 100 1001 90700 0.01671618650628288 0.028465694286439136 0.9999999997260522 
1 50 100 1001 90800 0.01698503536138664 0.028423725002431347 0.9999999997257507 
1 50 100 1001 90900 0.017202406484667022 0.028169546666672894 0.9999999997254466 
1 50 100 1001 91000 0.017180419125146614 0.027919915031038505 0.9999999997251444 
1 50 100 1001 91100 0.016928123431562612 0.028012457037540774 0.9999999997248434 
1 50 100 1001 91200 0.016783061770764687 0.02792458828732175 0.9999999997245415 
1 50 100 1001 91300 0.016872739941364238 0.02758583865825766 0.9999999997242405 
1 50 100 1001 91400 0.01719575775252135 0.02717166630088187 0.9999999997239377 
1 50 100 1001 91500 0.017466278925949957 0.027172862508729228 0.9999999997236343 
1 50 100 1001 91600 0.017495206717561607 0.027843261498026076 0.9999999997233334 
1 50 100 1001 91700 0.017279790964100178 0.028436943875376756 0.9999999997230313 
1 50 100 1001 91800 0.017210229886856283 0.028413705409388004 0.9999999997227296 
1 50 100 1001 91900 0.017201521991279747 0.02816091185959449 0.9999999997224276 
1 50 100 1001 92000 0.017002667444534443 0.02818835900478766 0.9999999997221256 
1 50 100 1001 92100 0.016640892549596005 0.028197004378179878 0.9999999997218226 
1 50 100 1001 92200 0.016566514422622487 0.027946711316827445 0.9999999997215208 
1 50 100 1001 92300 0.01668804769569067 0.028000024297449137 0.9999999997212182 
1 50 100 1001 92400 0.01679942950097602 0.028198733266510553 0.9999999997209169 
1 50 100 1001 92500 0.01667672907797227 0.027839118116753474 0.9999999997206148 
1 50 100 1001 92600 0.01648550486137949 0.027602657958183834 0.999999999720314 
1 50 100 1001 92700 0.016353487457501367 0.027734771746843374 0.9999999997200125 
1 50 100 1001 92800 0.016366018618708563 0.02751269837005988 0.9999999997197095 
1 50 100 1001 92900 0.016725050882699797 0.027097634385547305 0.9999999997194061 
1 50 100 1001 93000 0.016976505255691443 0.027699015894396436 0.999999999719104 
1 50 100 1001 93100 0.017216196198423697 0.028326841243335565 0.9999999997188016 
1 50 100 1001 93200 0.017441223048177575 0.028415720526115556 0.9999999997185 
1 50 100 1001 93300 0.01755817376506372 0.02820335166021425 0.9999999997181995 
1 50 100 1001 93400 0.01733176131831867 0.028275396573420052 0.9999999997178943 
1 50 100 1001 93500 0.016867172015942847 0.02820252971168084 0.9999999997175949 
1 50 100 1001 93600 0.01667066310931445 0.02796299419101369 0.9999999997172925 
1 50 100 1001 93700 0.01696442632868592 0.028139692948660876 0.9999999997169902 
1 50 100 1001 93800 0.017576171918231475 0.027784144537555237 0.9999999997166895 
1 50 100 1001 93900 0.01790283437681265 0.02757386427739489 0.9999999997163876 
1 50 100 1001 94000 0.017832289057460995 0.027705146408531188 0.9999999997160827 
1 50 100 1001 94100 0.017568139897516537 0.028135129191032806 0.999999999715782 
1 50 100 1001 94200 0.0174205379538814 0.028135761733675803 0.9999999997154816 
1 50 100 1001 94300 0.01723059290722341 0.02784284797919314 0.9999999997151788 
1 50 100 1001 94400 0.01700504470097332 0.02752597052097932 0.999999999714877 
1 50 100 1001 94500 0.016799370691991986 0.027755115560128888 0.999999999714575 
1 50 100 1001 94600 0.016766218558098404 0.028009091058158984 0.9999999997142717 
1 50 100 1001 94700 0.016977974106791024 0.028080862221747837 0.9999999997139715 
1 50 100 1001 94800 0.017286919308963315 0.027796504895457007 0.9999999997136692 
1 50 100 1001 94900 0.01736881964543822 0.027614066961993096 0.999999999713365 
1 50 100 1001 95000 0.01727418445845193 0.02830991057838871 0.999999999713065 
1 50 100 1001 95100 0.01712651556214845 0.02811668288055528 0.9999999997127599 
1 50 100 1001 95200 0.01706169506314204 0.027835192141022473 0.9999999997124592 
1 50 100 1001 95300 0.017045279565307363 0.027984589153124427 0.9999999997121567 
1 50 100 1001 95400 0.016873576324110573 0.027859806525398625 0.9999999997118562 
1 50 100 1001 95500 0.016839091476073424 0.02779963458789808 0.9999999997115541 
1 50 100 1001 95600 0.017073422335160196 0.027883058924438875 0.9999999997112522 
1 50 100 1001 95700 0.01727436317264722 0.027666621782594852 0.9999999997109498 
1 50 100 1001 95800 0.017379931322761867 0.027668825864253725 0.9999999997106496 
1 50 100 1001 95900 0.017272100907462444 0.02758077189839726 0.9999999997103451 
1 50 100 1001 96000 0.017115017550632227 0.027412992412764865 0.9999999997100435 
1 50 100 1001 96100 0.01717619056965747 0.027229250334444954 0.9999999997097392 
1 50 100 1001 96200 0.017159992609142957 0.02724712448860576 0.9999999997094391 
1 50 100 1001 96300 0.01711761353747672 0.02718548643265761 0.9999999997091373 
1 50 100 1001 96400 0.017167218595453778 0.027403093806852238 0.9999999997088341 
1 50 100 1001 96500 0.017176439380314826 0.027267918244627532 0.9999999997085333 
1 50 100 1001 96600 0.017313420202373503 0.027385187831124026 0.9999999997082322 
1 50 100 1001 96700 0.01736084118488182 0.02782055299959619 0.9999999997079285 
1 50 100 1001 96800 0.01730997818139048 0.027996558440629617 0.9999999997076257 
1 50 100 1001 96900 0.017305723427117954 0.028024118754249944 0.9999999997073252 
1 50 100 1001 97000 0.017366583796517246 0.027985827567835027 0.999999999707022 
1 50 100 1001 97100 0.017377370931169096 0.0277944780759349 0.9999999997067207 
1 50 100 1001 97200 0.017384103927734013 0.027825315315809195 0.9999999997064192 
1 50 100 1001 97300 0.01714549638482351 0.027706843681554218 0.9999999997061152 
1 50 100 1001 97400 0.017083254042221576 0.027640969305111927 0.9999999997058142 
1 50 100 1001 97500 0.017422652473301995 0.027478851567213854 0.9999999997055117 
1 50 100 1001 97600 0.017710334546416007 0.027636803692564202 0.9999999997052103 
1 50 100 1001 97700 0.0181040088142083 0.0274443561654338 0.9999999997049084 
1 50 100 1001 97800 0.01832338895361256 0.02764860058124193 0.9999999997046067 
1 50 100 1001 97900 0.018328908422674716 0.027677863533167715 0.9999999997043041 
1 50 100 1001 98000 0.018423515143561452 0.02737449424419095 0.9999999997040026 
1 50 100 1001 98100 0.018247667517141825 0.02701114895433291 0.9999999997037008 
1 50 100 1001 98200 0.017972449471900326 0.026255855537058306 0.9999999997033968 
1 50 100 1001 98300 0.017973342099467715 0.02599758743809478 0.999999999703098 
1 50 100 1001 98400 0.017955628851970388 0.026927096935064346 0.9999999997027957 
1 50 100 1001 98500 0.018031126132393306 0.027690016509951114 0.9999999997024933 
1 50 100 1001 98600 0.017894372861308322 0.028029091758347145 0.9999999997021909 
1 50 100 1001 98700 0.017682916390262964 0.027887312073766355 0.9999999997018881 
1 50 100 1001 98800 0.01755478511032066 0.02746338814223877 0.9999999997015859 
1 50 100 1001 98900 0.017560705887221167 0.027584538267679235 0.9999999997012842 
1 50 100 1001 99000 0.01762696191364352 0.027763473616502242 0.9999999997009819 
1 50 100 1001 99100 0.017652362077015857 0.027931290825473572 0.9999999997006799 
1 50 100 1001 99200 0.01776917262223429 0.02823436461860257 0.9999999997003771 
1 50 100 1001 99300 0.017737568407553948 0.028637307864492083 0.9999999997000762 
1 50 100 1001 99400 0.017516119534566974 0.028449657041689738 0.9999999996997739 
1 50 100 1001 99500 0.017283818889681793 0.02845956321065895 0.9999999996994715 
1 50 100 1001 99600 0.017263150105208357 0.028405565892916672 0.9999999996991696 
1 50 100 1001 99700 0.01764690393759553 0.028367994157561867 0.9999999996988671 
1 50 100 1001 99800 0.017868060647829278 0.028016937981221863 0.9999999996985648 
1 50 100 1001 99900 0.017843024230737883 0.027608686708724503 0.9999999996982645 
1 50 100 1001 100000 0.01769863756484001 0.027947984035995938 0.9999999996979629 

