# masse: 1
# raumintervall: 1000
# zeitintervall: 1000
# zeitpunkte: 1000
# raumpunkte: 1000
# ordnung: 1
# Präzision: f64
# Wiederholungen: 1
# Zeitpunkte Änderung: 10 Gesamtmessungen: 1
# Raumpunkte Änderung: 10 Gesamtmessungen: 1
# Ordnung Änderung: 1 Gesamtmessungen: 1000
# Masse Änderung: 10 Gesamtmessungen: 1
# Plotte:
#Masse Ordnung Zeitpunkte Raumpunkte Zeit mittel_abw_betr_num_anal  mittel_betr_anal norm_betr_num

1 1 1000 1000 1000 2.8129839208701437e-7 0.028470478273731684 0.999999999999999 
1 2 1000 1000 1000 8.579459419447156e-7 0.02837641052669019 0.9999999999999996 
1 3 1000 1000 1000 0.0000017044864125815504 0.028369263901340536 0.9999999999999996 
1 4 1000 1000 1000 0.0000027958011811272675 0.02840157698259765 1.0000000000000009 
1 5 1000 1000 1000 0.0000038754249625478794 0.02772813247042539 0.9999999999999991 
1 6 1000 1000 1000 0.00000504806199179618 0.028101342597219334 0.9999999999999989 
1 7 1000 1000 1000 0.0000067439725978097454 0.028127540610532853 0.9999999999999999 
1 8 1000 1000 1000 0.000008983573394768698 0.027952482309786367 0.9999999999999998 
1 9 1000 1000 1000 0.000012054060095978219 0.028760920121107293 0.999999999999998 
1 10 1000 1000 1000 0.000013012291842466643 0.02805513421070782 0.9999999999999997 
1 11 1000 1000 1000 0.00001615305249521224 0.028684879029212764 1.0000000000000009 
1 12 1000 1000 1000 0.000017221671098608576 0.028516085246216263 1.0000000000000022 
1 13 1000 1000 1000 0.000023788893967862068 0.027495861768644544 0.9999999999999997 
1 14 1000 1000 1000 0.00002553249643363354 0.028356922604954992 0.9999999999999996 
1 15 1000 1000 1000 0.00003099716698631561 0.02854994805751285 1.0000000000000002 
1 16 1000 1000 1000 0.00003366162026827528 0.027821813497807407 1.0000000000000009 
1 17 1000 1000 1000 0.00003796240506893077 0.028574663126155083 1.0000000000000013 
1 18 1000 1000 1000 0.00004468769246599554 0.028715410814821908 1.0000000000000009 
1 19 1000 1000 1000 0.00004567550230399296 0.02820372205924261 0.9999999999999988 
1 20 1000 1000 1000 0.00004850839393048649 0.0279883196073519 0.9999999999999991 
1 21 1000 1000 1000 0.00005256673051781157 0.027703418270944927 0.9999999999999987 
1 22 1000 1000 1000 0.000054293139972286044 0.028155566810505676 1.0000000000000002 
1 23 1000 1000 1000 0.00005620029854404289 0.02810820387471011 0.9999999999999989 
1 24 1000 1000 1000 0.00006498619142111716 0.028319750841032217 1.0000000000000009 
1 25 1000 1000 1000 0.00006851439062018931 0.02887011630562271 0.999999999999999 
1 26 1000 1000 1000 0.00006867336406566897 0.028399090061480215 0.9999999999999976 
1 27 1000 1000 1000 0.00007524718245504414 0.027822554653748797 0.9999999999999962 
1 28 1000 1000 1000 0.00008290888379263623 0.028280768972028275 0.9999999999999947 
1 29 1000 1000 1000 0.00008374845821011419 0.028523498524106145 0.9999999999999928 
1 30 1000 1000 1000 0.00008682449757620606 0.02863338574057891 0.9999999999999883 
1 31 1000 1000 1000 0.0000883981610697133 0.02846836419391836 0.9999999999999846 
1 32 1000 1000 1000 0.00009450595499712666 0.02846022967704577 0.999999999999978 
1 33 1000 1000 1000 0.00009390964054934974 0.028136789266772058 0.9999999999999656 
1 34 1000 1000 1000 0.00009484653461947168 0.02788002581720879 0.9999999999999594 
1 35 1000 1000 1000 0.00010041791284975791 0.028197177608828842 0.9999999999999245 
1 36 1000 1000 1000 0.00009972840784790873 0.02784097208989566 0.9999999999998922 
1 37 1000 1000 1000 0.0001044346896213657 0.02832418525995281 0.9999999999998582 
1 38 1000 1000 1000 0.00010353486483912606 0.02836388361597042 0.9999999999998246 
1 39 1000 1000 1000 0.00010577256644691944 0.0279323236573757 0.9999999999997681 
1 40 1000 1000 1000 0.00010582002810903467 0.028453748553276044 0.9999999999996805 
1 41 1000 1000 1000 0.00010929652639946978 0.02888485761085422 0.9999999999995223 
1 42 1000 1000 1000 0.00010792193011211378 0.028144655812523938 0.999999999999366 
1 43 1000 1000 1000 0.00010635752923231503 0.028622061800808087 0.9999999999992338 
1 44 1000 1000 1000 0.00010717657505731461 0.028534799600889064 0.999999999999103 
1 45 1000 1000 1000 0.00010611697534211451 0.02857215717406648 0.9999999999988662 
1 46 1000 1000 1000 0.00010675016382601625 0.028499745433085845 0.999999999998683 
1 47 1000 1000 1000 0.00010532854394570169 0.028314776384403717 0.9999999999983326 
1 48 1000 1000 1000 0.00010468096763332216 0.02839982981616549 0.9999999999978637 
1 49 1000 1000 1000 0.00010430787823163905 0.028320407537317197 0.9999999999973276 
1 50 1000 1000 1000 0.00010440533911193217 0.02830080917774145 0.9999999999969447 
1 51 1000 1000 1000 0.00010360855152271357 0.0280843111592691 0.9999999999951196 
1 52 1000 1000 1000 0.00010359880052805038 0.02789401245304676 0.9999999999928555 
1 53 1000 1000 1000 0.00010306778681138034 0.028045932692652733 0.999999999991115 
1 54 1000 1000 1000 0.00010678025025754223 0.028499901072970645 0.9999999999893178 
1 55 1000 1000 1000 0.00010988655277323087 0.028301859957201983 0.999999999986696 
1 56 1000 1000 1000 0.00011457347125706925 0.02832955023759497 0.9999999999829509 
1 57 1000 1000 1000 0.0001249955725887209 0.02844120843981648 0.999999999976416 
1 58 1000 1000 1000 0.00013367392893467433 0.02824764420318355 0.9999999999698237 
1 59 1000 1000 1000 0.00014650532399074722 0.028552577325939337 0.9999999999646085 
1 60 1000 1000 1000 0.00016106041998230198 0.028753683538471467 0.9999999999587877 
1 61 1000 1000 1000 0.00016352955205032888 0.02840842515440139 0.9999999999553517 
1 62 1000 1000 1000 0.0001778629474137605 0.028702990402445838 0.999999999947786 
1 63 1000 1000 1000 0.0001950469565995059 0.028605894122680407 0.9999999999382619 
1 64 1000 1000 1000 0.00022461781140897637 0.02858338190813428 0.9999999999232522 
1 65 1000 1000 1000 0.000250684703323802 0.0286338919410541 0.999999999895404 
1 66 1000 1000 1000 0.0002678367520749373 0.028376431581222734 0.999999999884979 
1 67 1000 1000 1000 0.0003279775319012728 0.028327705367335115 0.9999999998372077 
1 68 1000 1000 1000 0.0003766158653324281 0.02813388815299631 0.9999999997928828 
1 69 1000 1000 1000 0.0004127450987857275 0.028217029881714793 0.9999999997555461 
1 70 1000 1000 1000 0.00042621706372854317 0.02829103605847035 0.9999999997298967 
1 71 1000 1000 1000 0.0004509845347179029 0.02819569099988458 0.9999999997144506 
1 72 1000 1000 1000 0.0004956259745924152 0.028025447000527254 0.9999999996322063 
1 73 1000 1000 1000 0.0005103626005841921 0.028188723384307238 0.9999999995895045 
1 74 1000 1000 1000 0.0005865522790521584 0.028425076408140536 0.9999999995024539 
1 75 1000 1000 1000 0.0006144730114505188 0.02808362715143222 0.9999999993989167 
1 76 1000 1000 1000 0.0007119584013479493 0.028047193419840008 0.9999999992553635 
1 77 1000 1000 1000 0.0007670201803743497 0.0280107289276536 0.9999999991037949 
1 78 1000 1000 1000 0.0007933943650114524 0.027793986633756006 0.999999998930677 
1 79 1000 1000 1000 0.000905141011173607 0.028078033240730157 0.9999999987433359 
1 80 1000 1000 1000 0.0008607179625547044 0.027749788927337482 0.9999999985291645 
1 81 1000 1000 1000 0.0009489173757336166 0.02787577154858817 0.999999998434791 
1 82 1000 1000 1000 0.0010353012729630978 0.027889188807218294 0.9999999982120196 
1 83 1000 1000 1000 0.001070602892280648 0.02785327329522372 0.9999999980836204 
1 84 1000 1000 1000 0.0011289008082189882 0.027981039188591822 0.999999997790674 
1 85 1000 1000 1000 0.0011948198242919131 0.02792411369564011 0.9999999975221825 
1 86 1000 1000 1000 0.0013063373049761928 0.027973598263932194 0.9999999971765249 
1 87 1000 1000 1000 0.0013768270853808805 0.027899713135733212 0.9999999967891885 
1 88 1000 1000 1000 0.0014865840033204344 0.028100485082595373 0.9999999961953933 
1 89 1000 1000 1000 0.0016797274113004666 0.02807007351498966 0.9999999953158281 
1 90 1000 1000 1000 0.0017781280523780476 0.028273520743745426 0.9999999946102169 
1 91 1000 1000 1000 0.001872440752628044 0.027911240712708823 0.9999999936743789 
1 92 1000 1000 1000 0.002071393087467791 0.02797282484890861 0.9999999923064311 
1 93 1000 1000 1000 0.0020536168711480446 0.028138389778702144 0.9999999919818042 
1 94 1000 1000 1000 0.002224265260258748 0.02806005177259326 0.9999999901934927 
1 95 1000 1000 1000 0.00232029966980992 0.027850264282504412 0.9999999889005242 
1 96 1000 1000 1000 0.0025042871282278836 0.02817317801468616 0.9999999877846181 
1 97 1000 1000 1000 0.002597186424148947 0.028296927489166197 0.9999999865882273 
1 98 1000 1000 1000 0.002768945596765978 0.028107447803489016 0.9999999841079878 
1 99 1000 1000 1000 0.0028441197555594613 0.028197372127963596 0.9999999836370914 
1 100 1000 1000 1000 0.002852061992549394 0.028211183842421043 0.9999999822433993 
1 101 1000 1000 1000 0.002978116353347814 0.02839652448712558 0.9999999805174563 
1 102 1000 1000 1000 0.00310872592756008 0.028299057556952983 0.9999999781991872 
1 103 1000 1000 1000 0.0033122588692333765 0.02819025448561342 0.999999975939207 
1 104 1000 1000 1000 0.0034625514329640044 0.02844664976939061 0.9999999718377587 
1 105 1000 1000 1000 0.0036815794444495097 0.02856864344152935 0.9999999663306156 
1 106 1000 1000 1000 0.0038341078148898247 0.02853716977462214 0.9999999626246746 
1 107 1000 1000 1000 0.004081169758625154 0.02851763019871506 0.99999995826678 
1 108 1000 1000 1000 0.004331370097828205 0.028622678385435682 0.9999999508771831 
1 109 1000 1000 1000 0.004266495944230729 0.02857259033241941 0.999999946552925 
1 110 1000 1000 1000 0.0045673508203293665 0.028514736527274476 0.9999999386021411 
1 111 1000 1000 1000 0.0047647143014797975 0.028522841964581633 0.9999999307272207 
1 112 1000 1000 1000 0.004995198601773337 0.028500238701901954 0.9999999222936136 
1 113 1000 1000 1000 0.005027084519923511 0.02851473086122732 0.999999919869156 
1 114 1000 1000 1000 0.0051387170164251 0.028610653550636727 0.9999999169159294 
1 115 1000 1000 1000 0.00536493751446179 0.02844037342016705 0.9999999049047037 
1 116 1000 1000 1000 0.0055894254847204524 0.028417135922017365 0.9999998914370208 
1 117 1000 1000 1000 0.005856580354267215 0.028353694139572685 0.9999998793541093 
1 118 1000 1000 1000 0.0060782262538780895 0.028567711863738462 0.9999998733797748 
1 119 1000 1000 1000 0.005914224359970842 0.02835135584082956 0.9999998696806147 
1 120 1000 1000 1000 0.006324787050971103 0.02844410715636253 0.9999998569977232 
1 121 1000 1000 1000 0.006217580831507012 0.0283656506146901 0.9999998529649801 
1 122 1000 1000 1000 0.006474274689980752 0.02844037589492006 0.9999998402184443 
1 123 1000 1000 1000 0.006717482806950146 0.02837327818214301 0.9999998263468504 
1 124 1000 1000 1000 0.0065945184791325225 0.028347029692269578 0.9999998210540658 
1 125 1000 1000 1000 0.007057288152293825 0.028308969293977127 0.9999998041053083 
1 126 1000 1000 1000 0.007074864729444484 0.028414114832962627 0.9999997949435379 
1 127 1000 1000 1000 0.0074454845498288895 0.028443274385227518 0.9999997779395257 
1 128 1000 1000 1000 0.007860050653508944 0.028406390933653047 0.9999997403606025 
1 129 1000 1000 1000 0.00834007073731499 0.02840474804620345 0.9999996955927416 
1 130 1000 1000 1000 0.008725996249184817 0.028266318939999854 0.9999996254801619 
1 131 1000 1000 1000 0.00895643217690408 0.028159447679075588 0.9999996193098983 
1 132 1000 1000 1000 0.008959333772065913 0.02820760586615275 0.9999996029010854 
1 133 1000 1000 1000 0.00935933113517216 0.028189600525490598 0.9999995663606833 
1 134 1000 1000 1000 0.009674259607911727 0.02821073137146333 0.9999995183739387 
1 135 1000 1000 1000 0.00983674111955283 0.028248685110283018 0.9999994840644643 
1 136 1000 1000 1000 0.010583933372785667 0.028135333251977673 0.9999993733263421 
1 137 1000 1000 1000 0.010983260468347543 0.028092965393140983 0.99999930809652 
1 138 1000 1000 1000 0.01131644835851028 0.028063675420357013 0.9999992334989326 
1 139 1000 1000 1000 0.011811672971429424 0.027902858112475462 0.9999991541559381 
1 140 1000 1000 1000 0.012064767814106241 0.027967852114447033 0.9999991008968075 
1 141 1000 1000 1000 0.012768184712631908 0.027943894556143996 0.9999989396971678 
1 142 1000 1000 1000 0.013003625469054165 0.028056217926590722 0.9999989243799778 
1 143 1000 1000 1000 0.012890342961930645 0.028049754673984968 0.9999988877040432 
1 144 1000 1000 1000 0.013358094399468218 0.028174749850480043 0.9999987870361534 
1 145 1000 1000 1000 0.013717658918749766 0.028030798835553532 0.9999986356575952 
1 146 1000 1000 1000 0.014432036193770512 0.027930004182188307 0.9999984641185978 
1 147 1000 1000 1000 0.014318030942223966 0.02794847896612644 0.999998434630911 
1 148 1000 1000 1000 0.014897611683196811 0.027932506522599435 0.9999983896709931 
1 149 1000 1000 1000 0.014405490197371166 0.0277793298650425 0.9999982650557605 
1 150 1000 1000 1000 0.014995602188805723 0.027755051809935753 0.9999981078640447 
1 151 1000 1000 1000 0.015331457766464444 0.02778471862588164 0.999998014054384 
1 152 1000 1000 1000 0.016231606508891147 0.027757654185232804 0.9999975622436048 
1 153 1000 1000 1000 0.016178185159423368 0.02775068811854317 0.9999974249387549 
1 154 1000 1000 1000 0.01723377563223595 0.027929294011386878 0.9999971351653341 
1 155 1000 1000 1000 0.017711210986478244 0.027896339252876413 0.9999968638867537 
1 156 1000 1000 1000 0.017876817898762328 0.027886693641086382 0.9999967874943071 
1 157 1000 1000 1000 0.018361737463427567 0.027943231089518857 0.9999965593181991 
1 158 1000 1000 1000 0.017878690702586096 0.02791991957846971 0.9999964527911899 
1 159 1000 1000 1000 0.01844004517309919 0.027782225437689597 0.9999962172031367 
1 160 1000 1000 1000 0.018950268953899764 0.027907517929800927 0.9999959357105935 
1 161 1000 1000 1000 0.01919355026780563 0.027854163874007923 0.9999954889942843 
1 162 1000 1000 1000 0.019621030809962733 0.027836403407667437 0.9999949204556469 
1 163 1000 1000 1000 0.020862113316110004 0.02789903858329543 0.9999947435657757 
1 164 1000 1000 1000 0.021149515120958397 0.027691394985769436 0.9999940645673622 
1 165 1000 1000 1000 0.021517544037701158 0.02774890621487335 0.999993660837061 
1 166 1000 1000 1000 0.02190963889409458 0.027800998370457845 0.9999933775041283 
1 167 1000 1000 1000 0.02192642458308479 0.027690774376952523 0.9999931091912259 
1 168 1000 1000 1000 0.0218688361903536 0.027725822429758924 0.9999929680976221 
1 169 1000 1000 1000 0.022554777909294606 0.027686939213850365 0.9999926447079962 
1 170 1000 1000 1000 0.02246513910421762 0.027696508176497995 0.9999922515113475 
1 171 1000 1000 1000 0.023056354949199772 0.02782172967670617 0.9999915786676851 
1 172 1000 1000 1000 0.023565962418445836 0.027765691836302953 0.9999904508990476 
1 173 1000 1000 1000 0.023545049755034318 0.027851217222950368 0.9999899955218187 
1 174 1000 1000 1000 0.023991076628853147 0.027835387724852646 0.9999890225604225 
1 175 1000 1000 1000 0.024412599488600775 0.027825418727726956 0.9999881940472187 
1 176 1000 1000 1000 0.024531270733318247 0.027911088044840833 0.9999875006633278 
1 177 1000 1000 1000 0.024984332171834656 0.027810704863975605 0.9999864325686205 
1 178 1000 1000 1000 0.024780985654012985 0.027794474459786087 0.9999857529399421 
1 179 1000 1000 1000 0.024693790641865634 0.027758501349691694 0.9999852494366297 
1 180 1000 1000 1000 0.024857759834246592 0.027799912876651983 0.9999849715588128 
1 181 1000 1000 1000 0.024757212211465297 0.027711492331236202 0.9999840090769828 
1 182 1000 1000 1000 0.025046641677639182 0.027837346129222996 0.9999829135156386 
1 183 1000 1000 1000 0.024761168643593384 0.027774558469906178 0.9999824912867499 
1 184 1000 1000 1000 0.02513613203579336 0.027698955306625903 0.9999800507369297 
1 185 1000 1000 1000 0.02537408114090442 0.02771557421492154 0.9999797437027056 
1 186 1000 1000 1000 0.025335886069077326 0.02775887098958932 0.9999789100408757 
1 187 1000 1000 1000 0.025289877000360353 0.02771697047220913 0.9999778405283585 
1 188 1000 1000 1000 0.025548316901845936 0.027783890377186524 0.9999764423686072 
1 189 1000 1000 1000 0.025422323388797168 0.02774352305792346 0.9999761623227291 
1 190 1000 1000 1000 0.025764439658767836 0.027837156973210868 0.9999717311115952 
1 191 1000 1000 1000 0.02607571249157901 0.027816352873173404 0.9999684178017144 
1 192 1000 1000 1000 0.02604427506588084 0.02777226967778362 0.9999661263688518 
1 193 1000 1000 1000 0.025935812410717286 0.027808717653562985 0.9999642557098519 
1 194 1000 1000 1000 0.025921337893873714 0.027670836315335994 0.9999630982950966 
1 195 1000 1000 1000 0.025933105570362467 0.027706314398876556 0.999961462248776 
1 196 1000 1000 1000 0.02588488102543067 0.027699832502248015 0.9999608285907237 
1 197 1000 1000 1000 0.025838612180606152 0.0276224324194562 0.999958587559853 
1 198 1000 1000 1000 0.025750246278523355 0.027572113096374598 0.9999561576488013 
1 199 1000 1000 1000 0.025759032186009907 0.02760944669314026 0.9999553850717837 
1 200 1000 1000 1000 0.025660112329474922 0.027666753740139 0.9999512737980083 
1 201 1000 1000 1000 0.025647635629959073 0.027616919656600982 0.9999506379559873 
1 202 1000 1000 1000 0.02562348636100299 0.027598597680734447 0.9999490051928545 
1 203 1000 1000 1000 0.02556732633999754 0.027612798793786697 0.9999454776830115 
1 204 1000 1000 1000 0.025459268367168313 0.027650846016998538 0.9999383710788865 
1 205 1000 1000 1000 0.02543161136686215 0.02763382751462914 0.9999350882123906 
1 206 1000 1000 1000 0.025405626371371365 0.027575509916031467 0.9999309204905229 
1 207 1000 1000 1000 0.02541096829972326 0.02762921765198601 0.9999282072975976 
1 208 1000 1000 1000 0.02551073609941364 0.027669958828390483 0.9999233182536632 
1 209 1000 1000 1000 0.025355533583731375 0.027581246121921317 0.9999163502403523 
1 210 1000 1000 1000 0.025442904014115596 0.027629352277815253 0.9999047159351045 
1 211 1000 1000 1000 0.025401508930705974 0.027507334167821983 0.9999037466382273 
1 212 1000 1000 1000 0.025641202240002155 0.0275272796141507 0.9998948159250739 
1 213 1000 1000 1000 0.025784509326894738 0.02758750727858482 0.9998882014892538 
1 214 1000 1000 1000 0.026107102931049928 0.02768395805199065 0.9998811694728932 
1 215 1000 1000 1000 0.026162027481187462 0.0275841093032219 0.999870566933538 
1 216 1000 1000 1000 0.026292917040819454 0.027543779525948078 0.9998692009609464 
1 217 1000 1000 1000 0.026860876330984083 0.02757892186909964 0.9998529140581376 
1 218 1000 1000 1000 0.027004715477647004 0.027551277500768193 0.9998423465210399 
1 219 1000 1000 1000 0.027130740809796678 0.02750797255027899 0.9998338108107075 
1 220 1000 1000 1000 0.027190137149586138 0.02754148014803451 0.9998294748259638 
1 221 1000 1000 1000 0.02733400310667311 0.027576048831172463 0.9998224675131615 
1 222 1000 1000 1000 0.027602262961657097 0.027497389938393544 0.9998131817373497 
1 223 1000 1000 1000 0.02809347948856671 0.027455289733471326 0.9997962857619901 
1 224 1000 1000 1000 0.02801366852754921 0.02748325033718981 0.9997852087516323 
1 225 1000 1000 1000 0.028185960209338005 0.027584537803387717 0.9997797645929771 
1 226 1000 1000 1000 0.028117630853739955 0.02761176937320604 0.9997768827764819 
1 227 1000 1000 1000 0.028205987674106297 0.027623043325153158 0.9997658019463134 
1 228 1000 1000 1000 0.028271449371618376 0.027691769345983663 0.9997631741955405 
1 229 1000 1000 1000 0.02834073562835136 0.02763681318090643 0.9997544787127663 
1 230 1000 1000 1000 0.028512685382697998 0.02764803392912987 0.9997452631549747 
1 231 1000 1000 1000 0.02841297712179653 0.027552822250659692 0.9997409112487726 
1 232 1000 1000 1000 0.028315133218540435 0.027554368221815288 0.9997354394603387 
1 233 1000 1000 1000 0.028458121998985 0.027539651263264558 0.9997213831613422 
1 234 1000 1000 1000 0.028503256834766046 0.02764268415983783 0.9996993922074469 
1 235 1000 1000 1000 0.0283246981865751 0.02769301240280923 0.9996834097789796 
1 236 1000 1000 1000 0.028243834295445393 0.02772171472142471 0.9996597745108716 
1 237 1000 1000 1000 0.02816605128554992 0.027777677730808744 0.9996257827815409 
1 238 1000 1000 1000 0.028122741788981675 0.027666575129074354 0.9996181973551342 
1 239 1000 1000 1000 0.028055281852134076 0.02770981729124266 0.9995879644062423 
1 240 1000 1000 1000 0.028002724651963636 0.02775527252115122 0.9995707261282695 
1 241 1000 1000 1000 0.028011578425225985 0.027698673647962815 0.9995601531927037 
1 242 1000 1000 1000 0.027989812984250434 0.02768884763539757 0.999555321069583 
1 243 1000 1000 1000 0.027972581338437618 0.027785370626132223 0.9995306234688409 
1 244 1000 1000 1000 0.02802444177725145 0.0276543322841088 0.9995256266701841 
1 245 1000 1000 1000 0.028037136945625214 0.0276514416372397 0.9995101997763607 
1 246 1000 1000 1000 0.02815788584912086 0.027686678373081194 0.9994924408493503 
1 247 1000 1000 1000 0.02829250351386621 0.027695775176504987 0.9994775893449638 
1 248 1000 1000 1000 0.028209573587726848 0.027682858434749377 0.9994738265555 
1 249 1000 1000 1000 0.028591735158439203 0.02770324371159812 0.9994181721433024 
1 250 1000 1000 1000 0.028701148351817665 0.027823134363286345 0.9993668429263898 
1 251 1000 1000 1000 0.029089567679201025 0.027707721950727415 0.9993343733638479 
1 252 1000 1000 1000 0.029016787621673742 0.027692627037919925 0.9993168002682503 
1 253 1000 1000 1000 0.02920486017708684 0.027668508916500006 0.9992984850768395 
1 254 1000 1000 1000 0.029394949817626116 0.027788117300369987 0.999227706065442 
1 255 1000 1000 1000 0.029670425433094616 0.02789459357132286 0.999155382105335 
1 256 1000 1000 1000 0.02980875719375071 0.027901704504312744 0.9991043076701871 
1 257 1000 1000 1000 0.029955762232974147 0.02786378442179156 0.9990352376585034 
1 258 1000 1000 1000 0.030085064316797385 0.027953085665382505 0.9989561573213648 
1 259 1000 1000 1000 0.030076015117277737 0.027772994045810896 0.9989513539454408 
1 260 1000 1000 1000 0.030028809083579886 0.02791001386145953 0.9988657003082246 
1 261 1000 1000 1000 0.030095244696344357 0.027888002752382457 0.9987856382088244 
1 262 1000 1000 1000 0.03007775160245692 0.027922098190352528 0.9987220206371478 
1 263 1000 1000 1000 0.0299752313789094 0.02789518906416731 0.9986253089428774 
1 264 1000 1000 1000 0.029902971794847088 0.027819375183280582 0.9985242239649006 
1 265 1000 1000 1000 0.029875638785737242 0.027800974285878573 0.9984961030132402 
1 266 1000 1000 1000 0.029868862748408605 0.02784661144804001 0.9984667154533877 
1 267 1000 1000 1000 0.029832993034839297 0.027832742838472098 0.9984075259141708 
1 268 1000 1000 1000 0.02987289742741566 0.027818444087875392 0.998306529575119 
1 269 1000 1000 1000 0.029774195620907794 0.0277889665141541 0.9981892598627099 
1 270 1000 1000 1000 0.029914033834267405 0.027799371951466794 0.9981810542018613 
1 271 1000 1000 1000 0.02995100922334741 0.027706318787678375 0.9981443537944212 
1 272 1000 1000 1000 0.03012198847413852 0.027787995324262703 0.9980964704356697 
1 273 1000 1000 1000 0.030031646948807087 0.027723119380866405 0.9980512965997729 
1 274 1000 1000 1000 0.03024257999744949 0.027715478735333386 0.9980358601350525 
1 275 1000 1000 1000 0.030270484407667563 0.02776624743554943 0.997949364490883 
1 276 1000 1000 1000 0.030292552582797286 0.027768929123890985 0.9979317639680304 
1 277 1000 1000 1000 0.030481019008347727 0.027782063351248835 0.9978883490569084 
1 278 1000 1000 1000 0.03067721648524691 0.027814593540529287 0.9978105213520995 
1 279 1000 1000 1000 0.030638071632772313 0.027785991193898043 0.9976621018264393 
1 280 1000 1000 1000 0.03060259871860279 0.027731751383713716 0.9976228983351548 
1 281 1000 1000 1000 0.030599219110793902 0.02777652888909095 0.9974273526188024 
1 282 1000 1000 1000 0.030597975484657876 0.027781478711846094 0.9972820683152742 
1 283 1000 1000 1000 0.03056855579551939 0.027824506525640474 0.9971765426632924 
1 284 1000 1000 1000 0.03049107027953075 0.02781892295128339 0.9970189575967816 
1 285 1000 1000 1000 0.03044565460566152 0.02780572439521621 0.9969108926256586 
1 286 1000 1000 1000 0.030468544828605552 0.027795152888792262 0.9968664958334067 
1 287 1000 1000 1000 0.030454698791510672 0.02779182724386145 0.9968283835835607 
1 288 1000 1000 1000 0.030573376163593735 0.027796725464645927 0.9967371468008365 
1 289 1000 1000 1000 0.03061241570752675 0.027839317578379555 0.9966435847797253 
1 290 1000 1000 1000 0.03072751611158586 0.02780840656207688 0.996614976761462 
1 291 1000 1000 1000 0.03083878594176724 0.02781810873846775 0.9964718366818336 
1 292 1000 1000 1000 0.03078798242696427 0.027761570671543744 0.9964340840161721 
1 293 1000 1000 1000 0.03097209711456894 0.02784323976953212 0.9963522547419945 
1 294 1000 1000 1000 0.031136984400310395 0.027836252241916087 0.9961665121212432 
1 295 1000 1000 1000 0.03122910224538703 0.027828462458807064 0.9958590368737126 
1 296 1000 1000 1000 0.03107026460485058 0.027778004113604805 0.9956792260589589 
1 297 1000 1000 1000 0.0311394559015921 0.027745844601805788 0.995533142921659 
1 298 1000 1000 1000 0.031091004264058038 0.027752232437128772 0.9954366876966407 
1 299 1000 1000 1000 0.03100455940982716 0.027778107637234362 0.9952241147441664 
1 300 1000 1000 1000 0.030963181846278665 0.0277616110061828 0.994938207061156 
1 301 1000 1000 1000 0.03083596658630492 0.027716336625603882 0.9944630930392083 
1 302 1000 1000 1000 0.03086035238133286 0.027755607167508824 0.994426317442128 
1 303 1000 1000 1000 0.030893483455313873 0.027762192255266632 0.9940657384764987 
1 304 1000 1000 1000 0.030888222874447667 0.027745285773161862 0.9938103995252154 
1 305 1000 1000 1000 0.03099974117591594 0.027770536766764692 0.9935506881143572 
1 306 1000 1000 1000 0.031036596938147927 0.027633979562749388 0.9931692279216701 
1 307 1000 1000 1000 0.03107352273887486 0.02768530360997037 0.9931321262259529 
1 308 1000 1000 1000 0.0313031850428654 0.027643869855931955 0.9925447836683375 
1 309 1000 1000 1000 0.03148972011213575 0.027653184861638574 0.9921721988749478 
1 310 1000 1000 1000 0.03154921898820917 0.027639184954896284 0.9918925002227771 
1 311 1000 1000 1000 0.031472804362881114 0.02761520535783806 0.9917281973507488 
1 312 1000 1000 1000 0.03145828337014977 0.02758744547882622 0.9914468847106483 
1 313 1000 1000 1000 0.03147177101491911 0.027641173124606254 0.9912083007231346 
1 314 1000 1000 1000 0.03138663718305884 0.027727098660787767 0.9906357188944482 
1 315 1000 1000 1000 0.03134195156798873 0.027588147089872145 0.9903357855037774 
1 316 1000 1000 1000 0.03134633970784462 0.02759061035817465 0.9901915582379361 
1 317 1000 1000 1000 0.03138817253569138 0.027605209942947566 0.9901386151635799 
1 318 1000 1000 1000 0.031424904308348996 0.0276613438849189 0.989678453805668 
1 319 1000 1000 1000 0.031551312992592236 0.02766044269296461 0.9895972784504024 
1 320 1000 1000 1000 0.03165169261618896 0.02768884307978465 0.9892795836528128 
1 321 1000 1000 1000 0.03169376492939083 0.027681609973956942 0.9889615266943299 
1 322 1000 1000 1000 0.03167937259044903 0.027653600375317024 0.9888765508404889 
1 323 1000 1000 1000 0.031704650545212924 0.027641245869296928 0.9886024462108224 
1 324 1000 1000 1000 0.03169151885508506 0.027695405542090986 0.9883960239586056 
1 325 1000 1000 1000 0.031658783341646894 0.027659352198370717 0.9880165554294721 
1 326 1000 1000 1000 0.031590698426683626 0.027654589659805957 0.9875052910085717 
1 327 1000 1000 1000 0.03149563919740027 0.027683438453468653 0.986696114076646 
1 328 1000 1000 1000 0.03139478120222142 0.027669263747601154 0.9855332139988698 
1 329 1000 1000 1000 0.03140398927198362 0.027713696797988026 0.9854777643650138 
1 330 1000 1000 1000 0.03153740691959059 0.027621992197927193 0.985061066265721 
1 331 1000 1000 1000 0.031597129231983975 0.02772587019234852 0.9847191002206762 
1 332 1000 1000 1000 0.03159861211859273 0.02772434512258674 0.984433117213116 
1 333 1000 1000 1000 0.03165248359350508 0.02772108671769044 0.9843367539554124 
1 334 1000 1000 1000 0.03183291585220101 0.02770305015665192 0.9832662171072111 
1 335 1000 1000 1000 0.03178953962660538 0.02776735331069788 0.9830931862964581 
1 336 1000 1000 1000 0.031788998163374715 0.027684710313915173 0.9825408910741485 
1 337 1000 1000 1000 0.03175043739367443 0.027710638486629857 0.982015502247779 
1 338 1000 1000 1000 0.03171210521786006 0.02772325427186314 0.9818765196906716 
1 339 1000 1000 1000 0.031726409582114576 0.02774695159887448 0.9815626743723432 
1 340 1000 1000 1000 0.03170356685268851 0.027649017138422983 0.9810807584761212 
1 341 1000 1000 1000 0.031855314233887516 0.027766994066924695 0.9802274589655403 
1 342 1000 1000 1000 0.03201301024432688 0.0277314557589969 0.9796400369705516 
1 343 1000 1000 1000 0.0320332138292675 0.027683231249738274 0.9788632942358668 
1 344 1000 1000 1000 0.03218159335138634 0.027649857781846025 0.9778627543326722 
1 345 1000 1000 1000 0.03212152905601328 0.027712005109542616 0.97737956818514 
1 346 1000 1000 1000 0.032069391773201186 0.027720339857945125 0.975995690783237 
1 347 1000 1000 1000 0.032076301859806415 0.027735614466554547 0.9751250748801389 
1 348 1000 1000 1000 0.03203330067656247 0.027706541122127955 0.9745922939815858 
1 349 1000 1000 1000 0.03202771745345148 0.027631425464870487 0.9741199017422758 
1 350 1000 1000 1000 0.032043667886901314 0.027603372072443802 0.9739270914695047 
1 351 1000 1000 1000 0.032148897545785204 0.027664924819319304 0.9734565992184377 
1 352 1000 1000 1000 0.03222794121291312 0.02773323313461887 0.9729029791303302 
1 353 1000 1000 1000 0.03230058776445544 0.02769224004082458 0.9720034195605859 
1 354 1000 1000 1000 0.032256656986251186 0.027735153959934568 0.9703084513893413 
1 355 1000 1000 1000 0.03223648782893328 0.027686678488087105 0.9698836742807975 
1 356 1000 1000 1000 0.03214209994954866 0.027749134976225966 0.9682071994000289 
1 357 1000 1000 1000 0.032090487440768006 0.027756934272136102 0.9667997718160606 
1 358 1000 1000 1000 0.032052410699934024 0.027768475394149474 0.9658636367288868 
1 359 1000 1000 1000 0.03207228666076673 0.027756918433549296 0.9650168217752244 
1 360 1000 1000 1000 0.032110605467478605 0.027753510955132274 0.9646428644590653 
1 361 1000 1000 1000 0.03216105240730017 0.027753333602697074 0.9636429199718237 
1 362 1000 1000 1000 0.03213615582440905 0.027739365380993856 0.9633377906445668 
1 363 1000 1000 1000 0.0322295046975961 0.027717511628580112 0.9618680656310932 
1 364 1000 1000 1000 0.03219139350199462 0.027689360509837835 0.9601521347658817 
1 365 1000 1000 1000 0.03216078423367947 0.027707548578181144 0.9593190899727769 
1 366 1000 1000 1000 0.03204112509496253 0.027717929838417317 0.9560921918624556 
1 367 1000 1000 1000 0.03202592552232 0.027626480403759264 0.9554569653290821 
1 368 1000 1000 1000 0.03199624091453057 0.027645948490240463 0.954197956878475 
1 369 1000 1000 1000 0.032048069758690276 0.027672020007765415 0.9531247556623815 
1 370 1000 1000 1000 0.03221780482173671 0.027624241871857736 0.9527745206084244 
1 371 1000 1000 1000 0.032145534743175184 0.027665715304030836 0.9525584707364522 
1 372 1000 1000 1000 0.03219634541995366 0.02764524030135076 0.950481459940602 
1 373 1000 1000 1000 0.03211071996620326 0.027575649284961447 0.9485046969588706 
1 374 1000 1000 1000 0.03216958061890192 0.027698961381214166 0.9471141611502312 
1 375 1000 1000 1000 0.03217841289441163 0.027673083809904245 0.9466449887750225 
1 376 1000 1000 1000 0.03225663851196028 0.02768501627494874 0.9465110590101408 
1 377 1000 1000 1000 0.032239976983550266 0.027655646965194278 0.943374403122853 
1 378 1000 1000 1000 0.032304928619999854 0.027668669930573677 0.9423523472409447 
1 379 1000 1000 1000 0.03240000744287247 0.027688941229067243 0.9405837565601535 
1 380 1000 1000 1000 0.032270417247751836 0.02770188670131316 0.9387672833108115 
1 381 1000 1000 1000 0.032235991355455046 0.027743288537523333 0.9370428148424024 
1 382 1000 1000 1000 0.032113519580725794 0.027669922328889308 0.9337333715493283 
1 383 1000 1000 1000 0.03209850599536719 0.02766251765729353 0.9327384978312336 
1 384 1000 1000 1000 0.0321519839915167 0.0276872892537931 0.931115098155581 
1 385 1000 1000 1000 0.032246600902793354 0.027706160924349 0.9297916191675863 
1 386 1000 1000 1000 0.03218270431777797 0.027680561006592497 0.9292343059470712 
1 387 1000 1000 1000 0.032146194724360894 0.027707338349576716 0.9291204818287632 
1 388 1000 1000 1000 0.03210281253906446 0.027625250578495353 0.9253910529711722 
1 389 1000 1000 1000 0.032009796110395616 0.02757566187307508 0.922891201342682 
1 390 1000 1000 1000 0.0319612044169148 0.027612084045785048 0.9206291202751311 
1 391 1000 1000 1000 0.032043495578284856 0.02756521123918451 0.9196155708331163 
1 392 1000 1000 1000 0.03208176454283989 0.02761154294833223 0.9191015314403399 
1 393 1000 1000 1000 0.03207546434116579 0.027593491990691037 0.9178144326915175 
1 394 1000 1000 1000 0.03204983958582527 0.027619094675222156 0.9175239192534804 
1 395 1000 1000 1000 0.03196122460495131 0.02758776457027106 0.916225268320286 
1 396 1000 1000 1000 0.03191074861785153 0.02757060471148883 0.9149036911028562 
1 397 1000 1000 1000 0.03197367887150679 0.027550278646256827 0.9146068477638626 
1 398 1000 1000 1000 0.03207505037312043 0.027612735544653762 0.9129230512034502 
1 399 1000 1000 1000 0.03197059457782928 0.027578994948994677 0.9125623740112025 
1 400 1000 1000 1000 0.03203183237526545 0.02757035915321296 0.9116935821751122 
1 401 1000 1000 1000 0.03197587441464922 0.027577817914014553 0.9093933697369898 
1 402 1000 1000 1000 0.031931146063153594 0.02754125020669462 0.9065154153453281 
1 403 1000 1000 1000 0.03192189219361911 0.027526163645868334 0.9037137106958396 
1 404 1000 1000 1000 0.03195041566956445 0.027546765879395474 0.9031723202013447 
1 405 1000 1000 1000 0.031979743593249656 0.02757752320563706 0.9027027622328073 
1 406 1000 1000 1000 0.03198811882531184 0.027558599059429954 0.8999729860816155 
1 407 1000 1000 1000 0.03185902629350048 0.027590374233014508 0.8971605769178601 
1 408 1000 1000 1000 0.03179309475054658 0.027609864919719184 0.8940074414966571 
1 409 1000 1000 1000 0.03178209556888553 0.02755927944277452 0.8922483389198861 
1 410 1000 1000 1000 0.03174777178407721 0.027569185631357736 0.8886318437709911 
1 411 1000 1000 1000 0.03177840467169848 0.02757900193426273 0.8864082020483003 
1 412 1000 1000 1000 0.03175395473633844 0.02759531252983845 0.884329428058194 
1 413 1000 1000 1000 0.03178124307692555 0.027520800574573335 0.8806972229078233 
1 414 1000 1000 1000 0.0317298924268024 0.027579082690059282 0.8777966003136803 
1 415 1000 1000 1000 0.03171678490592501 0.027566796157926902 0.8761653514155366 
1 416 1000 1000 1000 0.03172621108137405 0.027545045036918524 0.8742435943045114 
1 417 1000 1000 1000 0.03173434076089823 0.027560289119796647 0.8727075949014992 
1 418 1000 1000 1000 0.031759314278700865 0.027564193721314884 0.8713518581849675 
1 419 1000 1000 1000 0.031699248260385046 0.027545328457553322 0.8710809411664915 
1 420 1000 1000 1000 0.031658527212944994 0.0275480671175083 0.8675108994726842 
1 421 1000 1000 1000 0.031682673490307414 0.027554785487860032 0.865785358175069 
1 422 1000 1000 1000 0.03171753786466699 0.027535480903140334 0.8639547193657295 
1 423 1000 1000 1000 0.03164450338225917 0.027537805512002772 0.8614481411814319 
1 424 1000 1000 1000 0.03160713995645122 0.027471757335478488 0.8573776336769897 
1 425 1000 1000 1000 0.03161723317435553 0.027493695708128624 0.8568972302770573 
1 426 1000 1000 1000 0.031591394418154346 0.027474740062800936 0.8529771454758396 
1 427 1000 1000 1000 0.03160652298711255 0.027458987304529257 0.8501123466455317 
1 428 1000 1000 1000 0.0316287900624906 0.027496354025836514 0.8477635220973286 
1 429 1000 1000 1000 0.03152612702161411 0.02750033636985496 0.8443168909384537 
1 430 1000 1000 1000 0.03156419334307214 0.027422234091579793 0.8418344791461259 
1 431 1000 1000 1000 0.03157154557111132 0.027436798178400845 0.8401287923826457 
1 432 1000 1000 1000 0.03153825133868837 0.02739391713769858 0.8383950217035512 
1 433 1000 1000 1000 0.03154520945793497 0.027395960695040973 0.8369172366641778 
1 434 1000 1000 1000 0.03152341120664899 0.027414879157872985 0.8349643612611091 
1 435 1000 1000 1000 0.03149852404430913 0.02736613669217293 0.83422947051398 
1 436 1000 1000 1000 0.03149379726784072 0.027398645358801026 0.8322713250351855 
1 437 1000 1000 1000 0.03151900729915574 0.02740920791218723 0.8315800782735628 
1 438 1000 1000 1000 0.031546451387778 0.027412525175291993 0.8289423603443832 
1 439 1000 1000 1000 0.031592849184049566 0.027446878414378432 0.826322182581057 
1 440 1000 1000 1000 0.03153596054729326 0.02745512505901315 0.8235422881170918 
1 441 1000 1000 1000 0.03153929331777569 0.02741155401354202 0.8207782976473899 
1 442 1000 1000 1000 0.03153171579032801 0.027431617517527613 0.8177651312866838 
1 443 1000 1000 1000 0.03154827168682639 0.027463679714416996 0.8153871312989199 
1 444 1000 1000 1000 0.03148216323950565 0.027439250626046918 0.8131150275288886 
1 445 1000 1000 1000 0.031488824491502566 0.02741777685974366 0.8120637561651538 
1 446 1000 1000 1000 0.03147435898724412 0.027430001064388504 0.8090347082711049 
1 447 1000 1000 1000 0.031456025229809365 0.027412733556231042 0.8088212342838192 
1 448 1000 1000 1000 0.031479073627940675 0.02740513890965832 0.807846466504478 
1 449 1000 1000 1000 0.031455298205060066 0.027423674514831846 0.8057596863666106 
1 450 1000 1000 1000 0.03142918946521447 0.02746502751563808 0.8026659599512144 
1 451 1000 1000 1000 0.03139384105959224 0.02751457918681487 0.798730235708846 
1 452 1000 1000 1000 0.03137311691650834 0.02747066851635227 0.7981858360920921 
1 453 1000 1000 1000 0.03142956422680756 0.027466293231825985 0.7951651619984487 
1 454 1000 1000 1000 0.031430980744391636 0.027432633810170255 0.7934985538444741 
1 455 1000 1000 1000 0.0314532266196624 0.02745973352829723 0.7923991831226002 
1 456 1000 1000 1000 0.031433652937471045 0.0274111390378855 0.7913875874943497 
1 457 1000 1000 1000 0.031421781788373154 0.027492474218438208 0.791130556434153 
1 458 1000 1000 1000 0.03141287772220284 0.027435918731445526 0.789905935767796 
1 459 1000 1000 1000 0.03141754000036003 0.027466100629274365 0.7885276735095963 
1 460 1000 1000 1000 0.03142772455608782 0.027427206514656053 0.786076727083892 
1 461 1000 1000 1000 0.0314517099615939 0.027447179890248745 0.7830796703933873 
1 462 1000 1000 1000 0.03138084006317299 0.027465912063390118 0.7812603726754748 
1 463 1000 1000 1000 0.031357463813589025 0.027456581502334182 0.7798263554129204 
1 464 1000 1000 1000 0.03135091381008026 0.027483459816782452 0.7787421453107273 
1 465 1000 1000 1000 0.03138354135538803 0.027494290488852005 0.7773097854261058 
1 466 1000 1000 1000 0.03134072505756892 0.027528510534020636 0.7746024332456704 
1 467 1000 1000 1000 0.03128465485389354 0.027462168670300127 0.7720153861921423 
1 468 1000 1000 1000 0.03127119263803889 0.0274738907961768 0.7719118797828868 
1 469 1000 1000 1000 0.03130261846945224 0.027499094487812514 0.7711485306485495 
1 470 1000 1000 1000 0.03124801200632631 0.02749824890331142 0.7702180432147577 
1 471 1000 1000 1000 0.031242460633418036 0.027482941712224245 0.7693919434592499 
1 472 1000 1000 1000 0.03125288827824374 0.027471329616749918 0.7691057515911187 
1 473 1000 1000 1000 0.031240971322963478 0.027498538594891802 0.7680926128722679 
1 474 1000 1000 1000 0.031245875799296576 0.027450236343923854 0.7676078955583184 
1 475 1000 1000 1000 0.03127149950865219 0.027514101965228438 0.7667376185630079 
1 476 1000 1000 1000 0.03128336814513236 0.027543944803741456 0.7648177754541181 
1 477 1000 1000 1000 0.031241438827482225 0.027492960898138713 0.7619866197889423 
1 478 1000 1000 1000 0.031229304328488996 0.02749082934479302 0.7603237313283723 
1 479 1000 1000 1000 0.03124530490816254 0.027476517609357307 0.7591230344999926 
1 480 1000 1000 1000 0.031238950791045095 0.027516176364619536 0.7583453009967389 
1 481 1000 1000 1000 0.031243008324282517 0.02750480492510304 0.7567621345467842 
1 482 1000 1000 1000 0.031179514305205488 0.02751072749028251 0.7545152698037434 
1 483 1000 1000 1000 0.031171309517140977 0.027440966712158083 0.7508474100496472 
1 484 1000 1000 1000 0.03119192245420925 0.027451141898809192 0.7507788615332156 
1 485 1000 1000 1000 0.031186236086871922 0.027463426337036724 0.7488285210374992 
1 486 1000 1000 1000 0.031166657397442527 0.027485851622254646 0.7475083547875325 
1 487 1000 1000 1000 0.031168862765036717 0.027463958927589453 0.7462891682005144 
1 488 1000 1000 1000 0.031153852140992318 0.02745312272359007 0.7446983853702758 
1 489 1000 1000 1000 0.0311416101329703 0.027460184228311712 0.7446934862460707 
1 490 1000 1000 1000 0.031157467482911375 0.027449334027514243 0.7418159994300418 
1 491 1000 1000 1000 0.0311459255483702 0.027443547881516248 0.7394356550221797 
1 492 1000 1000 1000 0.03117641523030094 0.027437082218899428 0.7380747089510469 
1 493 1000 1000 1000 0.03116528301594124 0.02742991039083772 0.7364305102091853 
1 494 1000 1000 1000 0.031114907512349913 0.027381097185419728 0.7336034282852236 
1 495 1000 1000 1000 0.031135840166186077 0.02744848262415721 0.7332986729806281 
1 496 1000 1000 1000 0.031164763709444102 0.027394866977364683 0.7317927954235428 
1 497 1000 1000 1000 0.031115685576481717 0.02739663815626362 0.7307690641837851 
1 498 1000 1000 1000 0.031083950645888304 0.027377474921809378 0.7299310565306145 
1 499 1000 1000 1000 0.03110805071978006 0.027414508703305605 0.7295651237489853 
1 500 1000 1000 1000 0.03109434380705685 0.027356278358525856 0.7252367742582119 
1 501 1000 1000 1000 0.031097065726436095 0.027362108328500348 0.7241058270579863 
1 502 1000 1000 1000 0.03106969210694944 0.02735340436433248 0.7219718783208946 
1 503 1000 1000 1000 0.03108925094343838 0.027357479690812873 0.7198421682619311 
1 504 1000 1000 1000 0.031114319896151717 0.02737480511724323 0.7189653523327313 
1 505 1000 1000 1000 0.031082824755882643 0.027374367980050582 0.715704933324249 
1 506 1000 1000 1000 0.031096546272744153 0.02737179846297142 0.7155860544064545 
1 507 1000 1000 1000 0.031105484831389897 0.02738515166370163 0.7150764190317631 
1 508 1000 1000 1000 0.0310447296969103 0.027386808268273728 0.7137614217083155 
1 509 1000 1000 1000 0.031105943680052005 0.027429159320298005 0.7113282000810223 
1 510 1000 1000 1000 0.03104159024624679 0.02736946669964198 0.7097620115764752 
1 511 1000 1000 1000 0.031034773213804937 0.027347208749000054 0.7091237004946876 
1 512 1000 1000 1000 0.03108243108164056 0.027404953538088903 0.7087797112573389 
1 513 1000 1000 1000 0.031042839869279838 0.027410425104577998 0.7066562571266707 
1 514 1000 1000 1000 0.031059941654841373 0.027359608805274546 0.7045073784999011 
1 515 1000 1000 1000 0.031057722888340977 0.02740920124515637 0.702450885685434 
1 516 1000 1000 1000 0.03103544795337878 0.027355307553912557 0.7006670302576307 
1 517 1000 1000 1000 0.03098340575623928 0.027361456218779497 0.6977624719711951 
1 518 1000 1000 1000 0.031002515241336296 0.02735887331333949 0.6961728080231705 
1 519 1000 1000 1000 0.030985907948401177 0.027376525056083068 0.6947290751679036 
1 520 1000 1000 1000 0.03099258197412895 0.027397286065579844 0.6929680377388282 
1 521 1000 1000 1000 0.030892957801817552 0.027325274055012054 0.6891697569148502 
1 522 1000 1000 1000 0.030913045281356615 0.027330814573898115 0.6889150470253104 
1 523 1000 1000 1000 0.03088743974830033 0.027346360563764317 0.6884073709520142 
1 524 1000 1000 1000 0.030926231790525907 0.027361730198057287 0.6872461630368306 
1 525 1000 1000 1000 0.030840496917296543 0.027303953485506672 0.6850332045530682 
1 526 1000 1000 1000 0.030859190482517545 0.02732189397317961 0.6834132922572119 
1 527 1000 1000 1000 0.030880166753029285 0.027383563314231876 0.6830320769592828 
1 528 1000 1000 1000 0.03087751723787508 0.02737316758412462 0.6827503622562382 
1 529 1000 1000 1000 0.030880126181584342 0.027340989249762027 0.6813972710749391 
1 530 1000 1000 1000 0.03086628249152122 0.027315579976261207 0.6797496892611792 
1 531 1000 1000 1000 0.030888196719193343 0.027345570913718777 0.678897184979564 
1 532 1000 1000 1000 0.03085970341015781 0.02733220040605326 0.6754149851681588 
1 533 1000 1000 1000 0.03086975227501719 0.02736767873608283 0.6743907740373659 
1 534 1000 1000 1000 0.0308504997895617 0.027350938256616733 0.6723244220551164 
1 535 1000 1000 1000 0.030861803339287657 0.027360177879105833 0.670574324904468 
1 536 1000 1000 1000 0.030856812951411978 0.0273540218565034 0.6702534809031108 
1 537 1000 1000 1000 0.03085581832035327 0.027364778758603808 0.6691375855280864 
1 538 1000 1000 1000 0.030833907194409028 0.027353253063998897 0.6686252979287619 
1 539 1000 1000 1000 0.030877811440261554 0.027336208711415937 0.6674201021653648 
1 540 1000 1000 1000 0.030816481190065786 0.027328174891454782 0.6663258397601737 
1 541 1000 1000 1000 0.03084572585276835 0.027311114575481823 0.6647798988864998 
1 542 1000 1000 1000 0.030826223475015586 0.027315635170316495 0.6629794843378543 
1 543 1000 1000 1000 0.03079395003571634 0.027280100680562608 0.6621489914765469 
1 544 1000 1000 1000 0.03076950706900059 0.02726624200546752 0.6598797224163657 
1 545 1000 1000 1000 0.03080662126267623 0.027320203051733216 0.6582881782556628 
1 546 1000 1000 1000 0.030815690766914084 0.02733469119099548 0.6572364730880564 
1 547 1000 1000 1000 0.03078560941814879 0.027342540355489497 0.6561289558342999 
1 548 1000 1000 1000 0.03080168665745842 0.027315189103360813 0.6560897605065894 
1 549 1000 1000 1000 0.030795680443757113 0.027330308084095395 0.6548465004055654 
1 550 1000 1000 1000 0.03076904111707942 0.02734319922789415 0.6535980096818856 
1 551 1000 1000 1000 0.03073688591466854 0.02734817650364207 0.651822171116137 
1 552 1000 1000 1000 0.030690212724013965 0.027366757195804656 0.6497690947235666 
1 553 1000 1000 1000 0.030728975704588744 0.02738071192954702 0.6481694455296486 
1 554 1000 1000 1000 0.030691424016827087 0.02738545717587619 0.6474132285790927 
1 555 1000 1000 1000 0.030712218698953467 0.027340389516900074 0.6467949400281032 
1 556 1000 1000 1000 0.03074022704057618 0.027386720582570634 0.6457687240403672 
1 557 1000 1000 1000 0.030724788816520417 0.027392778407557272 0.6439560899899636 
1 558 1000 1000 1000 0.03069758547122916 0.02737256454507619 0.6419773740440036 
1 559 1000 1000 1000 0.030700405386884178 0.027337725840440277 0.6419300382406586 
1 560 1000 1000 1000 0.030712338112677463 0.027411904573336157 0.6413502356477163 
1 561 1000 1000 1000 0.030684684892041226 0.027403903151355744 0.6407006772220117 
1 562 1000 1000 1000 0.03068287411645253 0.027427045558057202 0.6401370233588208 
1 563 1000 1000 1000 0.030643424256515055 0.027354854807417058 0.6399433727353061 
1 564 1000 1000 1000 0.030620016736116168 0.02737813576137498 0.6392105675038178 
1 565 1000 1000 1000 0.030645010086611812 0.02740005088377045 0.6389031517620223 
1 566 1000 1000 1000 0.03067771772332085 0.02737948978047323 0.6383293321829089 
1 567 1000 1000 1000 0.03063790284363742 0.027372901643645833 0.6370949879393949 
1 568 1000 1000 1000 0.030667492461867518 0.027420324603594507 0.6350717388274391 
1 569 1000 1000 1000 0.030630683488510863 0.02741576995965624 0.6341021232173029 
1 570 1000 1000 1000 0.030609320446774446 0.027423692459477084 0.6330658766310753 
1 571 1000 1000 1000 0.030650437973872287 0.027429243450572505 0.6323881506976109 
1 572 1000 1000 1000 0.03064965621307428 0.027432585929806564 0.6313768139821622 
1 573 1000 1000 1000 0.030674261030691298 0.02743498808019911 0.6297357799474654 
1 574 1000 1000 1000 0.030618786982994323 0.027414535023372343 0.6274285161086318 
1 575 1000 1000 1000 0.030644199573522685 0.027428803920144674 0.6274221259760768 
1 576 1000 1000 1000 0.030636877616087042 0.027441333405487687 0.6264351473012161 
1 577 1000 1000 1000 0.03063819491947002 0.027451942660921765 0.6257024875407095 
1 578 1000 1000 1000 0.030602144916132813 0.027425517540321617 0.6250449019586355 
1 579 1000 1000 1000 0.030630808453836863 0.027426059060613472 0.6243328127783235 
1 580 1000 1000 1000 0.030646943984833717 0.027490608139773998 0.6242818838117042 
1 581 1000 1000 1000 0.030600812275478537 0.02742540656501337 0.6229137274797804 
1 582 1000 1000 1000 0.03062769733917024 0.027413037849667265 0.6212965965514018 
1 583 1000 1000 1000 0.030557894843419114 0.02746077581072805 0.6202329624475735 
1 584 1000 1000 1000 0.030542664551550424 0.0274721052378809 0.6184133216078529 
1 585 1000 1000 1000 0.03050495457979783 0.02745282734090678 0.6156403319809508 
1 586 1000 1000 1000 0.03054022729210646 0.02744187565035928 0.6155998354223464 
1 587 1000 1000 1000 0.030519613790141932 0.027465209626043294 0.6150300202038529 
1 588 1000 1000 1000 0.030513759722452335 0.027458823154196163 0.6141713763451561 
1 589 1000 1000 1000 0.030512726104952887 0.027428279216796796 0.6131215826874183 
1 590 1000 1000 1000 0.030504682305827275 0.02745886935570607 0.6123988757390313 
1 591 1000 1000 1000 0.030483536369376403 0.02741452454693362 0.6102027290549376 
1 592 1000 1000 1000 0.030499102362037935 0.027454236300351452 0.6085725594594887 
1 593 1000 1000 1000 0.030477919253705316 0.027435198947805686 0.6073867251446842 
1 594 1000 1000 1000 0.030476472961790475 0.027457113459600765 0.6062254160980637 
1 595 1000 1000 1000 0.030463414275338125 0.027436521558650884 0.60479954735141 
1 596 1000 1000 1000 0.030436436553605943 0.027442542808508 0.6022328579870364 
1 597 1000 1000 1000 0.03044087472423983 0.027422272001094403 0.6018097673711194 
1 598 1000 1000 1000 0.030443808390013358 0.027479069383640427 0.6011510849299242 
1 599 1000 1000 1000 0.030432204526858235 0.02745793158433623 0.6004288154716525 
1 600 1000 1000 1000 0.030411187010878745 0.02744833024668773 0.5993588123104742 
1 601 1000 1000 1000 0.030439463070820478 0.027491268122526995 0.5990628390230066 
1 602 1000 1000 1000 0.030474689579938166 0.027473499305095028 0.5976074211619773 
1 603 1000 1000 1000 0.030433828024133434 0.027457930134252583 0.5969113807856398 
1 604 1000 1000 1000 0.030408149571717138 0.02743376636414752 0.5959153022959741 
1 605 1000 1000 1000 0.030414859818186007 0.02746078906945301 0.594612951901623 
1 606 1000 1000 1000 0.030448038475810808 0.0274678479590653 0.5924710087369819 
1 607 1000 1000 1000 0.03041991286972807 0.027446305002161733 0.5921939279071108 
1 608 1000 1000 1000 0.030419932746279268 0.027448761697770042 0.59018536691598 
1 609 1000 1000 1000 0.030430022175709216 0.027451492150741507 0.5886975382164927 
1 610 1000 1000 1000 0.030415671068704023 0.027450095560165755 0.587432243622725 
1 611 1000 1000 1000 0.03039306512081756 0.027464511924168156 0.5856565051974576 
1 612 1000 1000 1000 0.030409870426102305 0.027447979589054556 0.584603426241604 
1 613 1000 1000 1000 0.030415818115684185 0.02748284544396763 0.5834855298906173 
1 614 1000 1000 1000 0.03037865338857381 0.027475971511155266 0.5823420391158237 
1 615 1000 1000 1000 0.03037486122156662 0.027492368021704374 0.5815118309171916 
1 616 1000 1000 1000 0.030403084748621696 0.027485217840443096 0.5808382469318397 
1 617 1000 1000 1000 0.030371382242154844 0.027468599460940324 0.5806856757888337 
1 618 1000 1000 1000 0.030402344075603542 0.02748460882143627 0.5791193130640907 
1 619 1000 1000 1000 0.030426641306914273 0.02747971190398678 0.5784668021229016 
1 620 1000 1000 1000 0.030393361002895428 0.027433285055479793 0.5774603890420776 
1 621 1000 1000 1000 0.030409660847594416 0.027503120877893545 0.576281343359336 
1 622 1000 1000 1000 0.030362478337315396 0.027514401640566375 0.5742784555837437 
1 623 1000 1000 1000 0.030349683565929795 0.027488103273430764 0.5736580544218948 
1 624 1000 1000 1000 0.030365268713170187 0.0275199249014096 0.5717774429726179 
1 625 1000 1000 1000 0.030366683120050045 0.02751328856634345 0.5706543508662538 
1 626 1000 1000 1000 0.030351260600323955 0.027526131241732137 0.5697311406402226 
1 627 1000 1000 1000 0.03033631805874409 0.027530875328374588 0.5683944945870194 
1 628 1000 1000 1000 0.030354131011556547 0.027522748808653925 0.5658821299973873 
1 629 1000 1000 1000 0.030345849846799465 0.027535544553497104 0.5657490445597121 
1 630 1000 1000 1000 0.030373339510981038 0.02757095149824857 0.5654574200255907 
1 631 1000 1000 1000 0.030373981577516217 0.027585760746058487 0.5645097647940055 
1 632 1000 1000 1000 0.030379134643208145 0.027607400267893517 0.5631624316526969 
1 633 1000 1000 1000 0.03036112587264385 0.027568976021613595 0.5614020810770562 
1 634 1000 1000 1000 0.030351306421401412 0.02761676323606393 0.5613676732810893 
1 635 1000 1000 1000 0.030344850444872777 0.027582172727057926 0.5609737049310846 
1 636 1000 1000 1000 0.030366471104691407 0.027543557199951923 0.5604243951008933 
1 637 1000 1000 1000 0.030346236839185456 0.02757175721633059 0.5599113926370057 
1 638 1000 1000 1000 0.03034107284324519 0.027558595051897502 0.5597956478416729 
1 639 1000 1000 1000 0.03032894784684114 0.02752538869081004 0.558478679295135 
1 640 1000 1000 1000 0.030316090378804467 0.027560318820197754 0.5583778610642246 
1 641 1000 1000 1000 0.03034559356272206 0.02757209247068578 0.557927994280213 
1 642 1000 1000 1000 0.03033729913300202 0.027546136220390094 0.5573916956560836 
1 643 1000 1000 1000 0.03035257665325439 0.027594292525983322 0.5568284502385735 
1 644 1000 1000 1000 0.030347324229694665 0.02754979811476395 0.5568139749352983 
1 645 1000 1000 1000 0.030379324321604735 0.02753193722135565 0.5546867870438504 
1 646 1000 1000 1000 0.03034550812320734 0.027557149061061093 0.5533659276807698 
1 647 1000 1000 1000 0.030361890869917623 0.027530288520482976 0.5520819319341895 
1 648 1000 1000 1000 0.030363595292887402 0.02755021218780559 0.5517488017748254 
1 649 1000 1000 1000 0.030362427065440976 0.027539283323402983 0.5516916104341204 
1 650 1000 1000 1000 0.030343699060189095 0.02758203671479373 0.5500679355475133 
1 651 1000 1000 1000 0.030328223426812205 0.027543381028615813 0.5495694093402566 
1 652 1000 1000 1000 0.030335639910790482 0.027544694085702322 0.548443340424889 
1 653 1000 1000 1000 0.03033687493003679 0.027566691544270428 0.5473110162234899 
1 654 1000 1000 1000 0.03032262858604246 0.027565874775918063 0.5462797121861277 
1 655 1000 1000 1000 0.03029814198289395 0.02757561088550143 0.5444582160250775 
1 656 1000 1000 1000 0.030310524298820193 0.027579092732239213 0.5437677402647395 
1 657 1000 1000 1000 0.030340837434880516 0.027601333071185594 0.5426413388842576 
1 658 1000 1000 1000 0.030341157289066632 0.027588871434809304 0.5417646585033692 
1 659 1000 1000 1000 0.030324978800339488 0.027602419623609403 0.5415682289736149 
1 660 1000 1000 1000 0.030339888268574592 0.0276300858522733 0.5414081445956751 
1 661 1000 1000 1000 0.03033461751614599 0.027603111139784572 0.54009096186888 
1 662 1000 1000 1000 0.03033866118856639 0.027576843861601554 0.5387931849332733 
1 663 1000 1000 1000 0.030350214861099734 0.02757417559285292 0.5378851925849493 
1 664 1000 1000 1000 0.0303037503245702 0.027566189450666405 0.5375971310931167 
1 665 1000 1000 1000 0.030296121282835275 0.027548250844684517 0.5375433167050655 
1 666 1000 1000 1000 0.030279088383426963 0.02756772230402077 0.5359851710441396 
1 667 1000 1000 1000 0.030286133632999642 0.02755628533131954 0.5355895533115997 
1 668 1000 1000 1000 0.03024982981659495 0.02752932001165139 0.5343481629849237 
1 669 1000 1000 1000 0.030272715177928705 0.02757626297642053 0.5331255817343548 
1 670 1000 1000 1000 0.030279960294585326 0.027590320562559754 0.5325573551788185 
1 671 1000 1000 1000 0.030295525651474853 0.027608578443405283 0.5302798411400746 
1 672 1000 1000 1000 0.030284283420721158 0.027612827055684297 0.5300788278305865 
1 673 1000 1000 1000 0.030318555680683833 0.027624354171641146 0.5296124581825256 
1 674 1000 1000 1000 0.030280095821474087 0.027603109215403234 0.5290804898964548 
1 675 1000 1000 1000 0.030248338605899542 0.02758949485268555 0.5283918393923442 
1 676 1000 1000 1000 0.030277152868241113 0.02758811559750665 0.5282880359469988 
1 677 1000 1000 1000 0.03026040460902619 0.027632114509053028 0.5265855101062974 
1 678 1000 1000 1000 0.030250888208639654 0.027628899206911136 0.5255440153295649 
1 679 1000 1000 1000 0.030266263982544058 0.02764661605893683 0.5248407963488465 
1 680 1000 1000 1000 0.030276285765066854 0.02765537195583223 0.5235467517525118 
1 681 1000 1000 1000 0.030237956714108512 0.02765779445633598 0.5224915497292363 
1 682 1000 1000 1000 0.03024272692603717 0.02767490541403187 0.5224620294960559 
1 683 1000 1000 1000 0.030243512327396853 0.02766643471662992 0.5219723735898382 
1 684 1000 1000 1000 0.03023973687603833 0.027653948616463888 0.5215258679695203 
1 685 1000 1000 1000 0.030232262776132612 0.027701876119464838 0.5210668809838849 
1 686 1000 1000 1000 0.030225713566048272 0.027666165289552538 0.5205306598863427 
1 687 1000 1000 1000 0.030232235843577024 0.027670416606543 0.520516827023978 
1 688 1000 1000 1000 0.030204281672481466 0.027629206644145154 0.5193040918213765 
1 689 1000 1000 1000 0.030198523285715186 0.02762252901347616 0.5180796370487455 
1 690 1000 1000 1000 0.030173053419556065 0.027626590483994705 0.5174279868823033 
1 691 1000 1000 1000 0.03016299093806129 0.027601722962209908 0.5166718949345659 
1 692 1000 1000 1000 0.03017141006716566 0.027624360257407877 0.5154594260650641 
1 693 1000 1000 1000 0.030196069931672665 0.02761187963741164 0.5152081056719653 
1 694 1000 1000 1000 0.030116743552048773 0.027585996636240936 0.5142008081447094 
1 695 1000 1000 1000 0.030109539064298474 0.027598009241194692 0.513668912865989 
1 696 1000 1000 1000 0.030125337974143192 0.027595847212497044 0.5133644669323258 
1 697 1000 1000 1000 0.030142731898843818 0.027592084860727287 0.5132964019993457 
1 698 1000 1000 1000 0.030120351091085087 0.027592638337086684 0.5120014955212862 
1 699 1000 1000 1000 0.030101427903966468 0.027584804626246486 0.511807390081015 
1 700 1000 1000 1000 0.030083910070920504 0.02754950912485238 0.5110719794027792 
1 701 1000 1000 1000 0.030067606868272815 0.02756464314454583 0.5103795256814979 
1 702 1000 1000 1000 0.03008142320742383 0.02756746045848506 0.5102496685673105 
1 703 1000 1000 1000 0.030082005164740393 0.027579436750675406 0.5096809915945034 
1 704 1000 1000 1000 0.03005202327143201 0.027553299864442098 0.5094135687422605 
1 705 1000 1000 1000 0.03006387000721251 0.02754460461614001 0.508851514912797 
1 706 1000 1000 1000 0.030085402756938 0.02753154169250509 0.5080250441824163 
1 707 1000 1000 1000 0.030094604870623348 0.02756378381225665 0.5067655028593301 
1 708 1000 1000 1000 0.030143294421637854 0.02758111461740486 0.5049769719779501 
1 709 1000 1000 1000 0.030126655625831254 0.027590965480697224 0.5049181710747035 
1 710 1000 1000 1000 0.03010316353516709 0.027567470333569787 0.5042746482606352 
1 711 1000 1000 1000 0.03010554944487689 0.027536029016503125 0.5038195080735257 
1 712 1000 1000 1000 0.030123542542170652 0.027560677059811644 0.503488682315555 
1 713 1000 1000 1000 0.03008949927037098 0.02752297834670278 0.5034145112375453 
1 714 1000 1000 1000 0.030097229346166585 0.027562885435216265 0.5022978798293415 
1 715 1000 1000 1000 0.030089766621005227 0.027512338546418824 0.5021797530605255 
1 716 1000 1000 1000 0.030068870943921536 0.027553234070548906 0.5016796369165917 
1 717 1000 1000 1000 0.030062406045385792 0.02752935784757196 0.5011932324782056 
1 718 1000 1000 1000 0.030081253092308222 0.027520628847165288 0.5010079083731845 
1 719 1000 1000 1000 0.030078401916085993 0.02753164026899579 0.5008696449882039 
1 720 1000 1000 1000 0.030061050906469794 0.027544540243149007 0.5000207616055701 
1 721 1000 1000 1000 0.03004119246936318 0.027539556698727638 0.4988155569464029 
1 722 1000 1000 1000 0.03005565460005273 0.027566156441485995 0.4982499254182221 
1 723 1000 1000 1000 0.030058577604539796 0.027563601676591956 0.49781258659312283 
1 724 1000 1000 1000 0.030018540368087654 0.02757564304527084 0.49731410821272576 
1 725 1000 1000 1000 0.030043241594944738 0.02761179712831387 0.4963836838233026 
1 726 1000 1000 1000 0.03005767599269226 0.027609726601302172 0.4951727648187478 
1 727 1000 1000 1000 0.030045541858336 0.02759451814870596 0.4942123726300535 
1 728 1000 1000 1000 0.030053378755661123 0.027637437094328216 0.49335350649639576 
1 729 1000 1000 1000 0.030049237088121624 0.02759802768756078 0.4924167419270421 
1 730 1000 1000 1000 0.030059078366878732 0.02760633220630778 0.4924164022753372 
1 731 1000 1000 1000 0.029995918188520067 0.02760821996566181 0.49146370854280375 
1 732 1000 1000 1000 0.030097200880330435 0.027629926427099417 0.4905834703903299 
1 733 1000 1000 1000 0.030059698111724202 0.027643851625548166 0.48967968514975696 
1 734 1000 1000 1000 0.03002246105599578 0.02759592602534872 0.4885028824414708 
1 735 1000 1000 1000 0.03002384921814633 0.027633274590195062 0.4874959852297081 
1 736 1000 1000 1000 0.030055533737066518 0.027659250804997662 0.48710411586808056 
1 737 1000 1000 1000 0.030044410305484482 0.027659253411195996 0.48675571692594144 
1 738 1000 1000 1000 0.03004741541973649 0.027669701478745704 0.4861878416931468 
1 739 1000 1000 1000 0.03004666656895457 0.027677274668695812 0.4851272127273775 
1 740 1000 1000 1000 0.03000784773299838 0.02765430913364873 0.4841235703096 
1 741 1000 1000 1000 0.02999015077228 0.027668746981179396 0.48406557882294926 
1 742 1000 1000 1000 0.029988806539451282 0.02765452507511339 0.4838164809015472 
1 743 1000 1000 1000 0.030037685821954922 0.027694072351214735 0.48342436330835276 
1 744 1000 1000 1000 0.030042374062575834 0.02769718949512412 0.48305859791755024 
1 745 1000 1000 1000 0.030032643035296597 0.02766312665430062 0.4829777604856877 
1 746 1000 1000 1000 0.030034165978758506 0.0277205047177374 0.48227729172319767 
1 747 1000 1000 1000 0.030043673036151013 0.027674104841662543 0.4821986467670535 
1 748 1000 1000 1000 0.030022044110618276 0.0276437306321296 0.48193043290060195 
1 749 1000 1000 1000 0.030006552416356743 0.027635947644715143 0.4814403194388233 
1 750 1000 1000 1000 0.030001416320091352 0.027656849555613882 0.4805101441031348 
1 751 1000 1000 1000 0.030028820890399002 0.02767081503662337 0.48030807706704953 
1 752 1000 1000 1000 0.030023679065149543 0.02769399864850507 0.4791213229281238 
1 753 1000 1000 1000 0.03006176507856239 0.02769862922508389 0.4782916667417698 
1 754 1000 1000 1000 0.030053808525485833 0.02771187817763183 0.4777219908718621 
1 755 1000 1000 1000 0.030033059827097468 0.02769872019619141 0.4768613302745575 
1 756 1000 1000 1000 0.03005883355838181 0.027728533957411365 0.4762946358210033 
1 757 1000 1000 1000 0.03004884034905544 0.02775245150725028 0.47612602424881983 
1 758 1000 1000 1000 0.03005408772501173 0.027708639030372812 0.47596628662355184 
1 759 1000 1000 1000 0.030052388772828554 0.02771782711795196 0.47558581260766963 
1 760 1000 1000 1000 0.030049423622829693 0.02772716461181339 0.47521462498814765 
1 761 1000 1000 1000 0.030025117513850615 0.02771744559884273 0.47512513747477025 
1 762 1000 1000 1000 0.030027647504063136 0.02771684238218712 0.47462749181710295 
1 763 1000 1000 1000 0.030003409596133988 0.027705901202675413 0.4744824108467812 
1 764 1000 1000 1000 0.030056797074210523 0.027752421384184375 0.47417190886255384 
1 765 1000 1000 1000 0.03001310018552352 0.027730019328376168 0.47342939009108254 
1 766 1000 1000 1000 0.030001183083218325 0.027726492411229507 0.4723659158476918 
1 767 1000 1000 1000 0.02997921443493428 0.027703163633969533 0.47163821697627645 
1 768 1000 1000 1000 0.029992535839364943 0.027731520999204666 0.4712773616880848 
1 769 1000 1000 1000 0.029989859268007495 0.027671731449832298 0.47105003864702893 
1 770 1000 1000 1000 0.030039308246745087 0.02772891920930246 0.4703357469867598 
1 771 1000 1000 1000 0.029988125583718363 0.027707711280803075 0.4694897019279201 
1 772 1000 1000 1000 0.029976314456687605 0.027691023593146732 0.46810537242325817 
1 773 1000 1000 1000 0.030002659173448614 0.02772037436867218 0.4679677730539055 
1 774 1000 1000 1000 0.030009794006055197 0.027729612835859233 0.46676592063426536 
1 775 1000 1000 1000 0.030009496199224092 0.027718256302228555 0.46595772101677846 
1 776 1000 1000 1000 0.030024690970411834 0.027744105992618992 0.46515231533759277 
1 777 1000 1000 1000 0.030010010215742466 0.027779429049864936 0.4639648625959283 
1 778 1000 1000 1000 0.030001655382828986 0.027757762129889032 0.46382968631164806 
1 779 1000 1000 1000 0.02999236384798876 0.027765633025419616 0.4624784856334173 
1 780 1000 1000 1000 0.03000971330949065 0.027779977120728036 0.4616604473336939 
1 781 1000 1000 1000 0.029988834636525102 0.027780120795161976 0.4609743275286698 
1 782 1000 1000 1000 0.029968238496609286 0.027753832418724585 0.46075683298861325 
1 783 1000 1000 1000 0.02998817758693974 0.027790264064670153 0.4604124304597554 
1 784 1000 1000 1000 0.029969780565290424 0.02777036813569454 0.45972106829758425 
1 785 1000 1000 1000 0.029974126198217817 0.027763539555562277 0.45871822376947347 
1 786 1000 1000 1000 0.029952320826697933 0.02778837574262528 0.45802327955020666 
1 787 1000 1000 1000 0.029955848016151372 0.027777494027090392 0.4577339391303499 
1 788 1000 1000 1000 0.02996614624326165 0.027757963868997156 0.45759900070874765 
1 789 1000 1000 1000 0.029964629517636406 0.027762086926916157 0.45713737379960917 
1 790 1000 1000 1000 0.02997981566137161 0.02775096370618803 0.45705456444237036 
1 791 1000 1000 1000 0.029976191940401447 0.02775631526857839 0.4567117295548446 
1 792 1000 1000 1000 0.03001146691260285 0.027753730287044493 0.4563614046654768 
1 793 1000 1000 1000 0.029970563250423052 0.02777577042579254 0.4562146515774263 
1 794 1000 1000 1000 0.029982655537401957 0.027755120992460518 0.4560599549176996 
1 795 1000 1000 1000 0.029970163253860985 0.027767127404147558 0.45554159532007876 
1 796 1000 1000 1000 0.029985109333212273 0.02780623915785228 0.4547589340212872 
1 797 1000 1000 1000 0.029980122971964285 0.02779351174550097 0.45424390686780636 
1 798 1000 1000 1000 0.029971574806805432 0.027799837870002887 0.4534981033492615 
1 799 1000 1000 1000 0.029998338547233258 0.027803934163944263 0.4524399908957663 
1 800 1000 1000 1000 0.02995152052254359 0.02779649979255813 0.45226083834781633 
1 801 1000 1000 1000 0.02996047654593489 0.027802289157821045 0.45143990343008095 
1 802 1000 1000 1000 0.03000075580077277 0.02782431034060481 0.45100981698000814 
1 803 1000 1000 1000 0.029991977312539157 0.027820920058682117 0.4507751689742479 
1 804 1000 1000 1000 0.02999549732226555 0.027786042704790292 0.4507064618386127 
1 805 1000 1000 1000 0.030002894725718824 0.027830791320626495 0.4500964136204889 
1 806 1000 1000 1000 0.03000759069389477 0.027818669743351183 0.450026231103554 
1 807 1000 1000 1000 0.029975384737332002 0.027821794678928907 0.4497092423158106 
1 808 1000 1000 1000 0.029971278466248356 0.027823920721849173 0.4493704422763548 
1 809 1000 1000 1000 0.029968740163480678 0.027773611156534803 0.44915576467974877 
1 810 1000 1000 1000 0.02999384820982684 0.02781247298377136 0.4491058475619943 
1 811 1000 1000 1000 0.02995902755715978 0.027781571158179197 0.4482455833170571 
1 812 1000 1000 1000 0.02993735805752095 0.027764707640810085 0.4473438849629608 
1 813 1000 1000 1000 0.029957629552954078 0.027788587034183916 0.44686420139415983 
1 814 1000 1000 1000 0.029963152119505336 0.027795767029576576 0.44657097030070464 
1 815 1000 1000 1000 0.029942175346134744 0.02778903614470931 0.4462421114712462 
1 816 1000 1000 1000 0.02998194554866378 0.0278148789520734 0.4454017436219105 
1 817 1000 1000 1000 0.029987122096318288 0.027788470437494283 0.4444279258536994 
1 818 1000 1000 1000 0.029977404431059406 0.027792070879990877 0.4436860736621585 
1 819 1000 1000 1000 0.030008217156149427 0.02778656351606982 0.4429685363309376 
1 820 1000 1000 1000 0.02999052198738456 0.027824724820298862 0.44219742261050216 
1 821 1000 1000 1000 0.030001561519062657 0.027825565464417956 0.4421971487050827 
1 822 1000 1000 1000 0.029973566136838117 0.027836287788634666 0.4414444322533741 
1 823 1000 1000 1000 0.029971304043236714 0.02783980806837094 0.440759053037854 
1 824 1000 1000 1000 0.029959750409980973 0.027825525095392115 0.43999797327745405 
1 825 1000 1000 1000 0.029964820562564713 0.027826259503539123 0.4390462694521276 
1 826 1000 1000 1000 0.029942330573436277 0.027785063749284526 0.43832093998959315 
1 827 1000 1000 1000 0.029970454509841118 0.027816545372911596 0.4379344386601736 
1 828 1000 1000 1000 0.029920640901947727 0.02778519712171406 0.4375965388904528 
1 829 1000 1000 1000 0.029917500932845214 0.027823423259133197 0.43716116555160545 
1 830 1000 1000 1000 0.029942688961907438 0.027795080970251285 0.43623965673839565 
1 831 1000 1000 1000 0.029959697203933683 0.02772414906877073 0.4355955707068595 
1 832 1000 1000 1000 0.029973252642274607 0.02778161303243875 0.43549105042285 
1 833 1000 1000 1000 0.02990825377665738 0.02772368210055676 0.43535112357972083 
1 834 1000 1000 1000 0.02996050404425845 0.0277544351583298 0.4349847875821841 
1 835 1000 1000 1000 0.029953741900557475 0.027750894240593058 0.43460950492861594 
1 836 1000 1000 1000 0.02995750119726481 0.027745640334555448 0.43452106714735655 
1 837 1000 1000 1000 0.029963606055015995 0.027735855687575896 0.43368889743376604 
1 838 1000 1000 1000 0.029941352591103233 0.027765215581715238 0.43363386475618687 
1 839 1000 1000 1000 0.029965466780345104 0.0277321277114498 0.43338876918257896 
1 840 1000 1000 1000 0.029954557811863968 0.02771599109240264 0.4330525509018317 
1 841 1000 1000 1000 0.029980925037185854 0.02773055889215714 0.4325790923790622 
1 842 1000 1000 1000 0.029958064179143134 0.027740975903493472 0.4325359425429886 
1 843 1000 1000 1000 0.029955650446419988 0.02772864861376428 0.4312323215892695 
1 844 1000 1000 1000 0.02994340425820025 0.027747226119302918 0.4303244434164455 
1 845 1000 1000 1000 0.029941097465916423 0.027747122246273417 0.4297332273410605 
1 846 1000 1000 1000 0.02996121139704949 0.027788326018378363 0.4293331815362174 
1 847 1000 1000 1000 0.0299387668761898 0.027768716729382494 0.4291434120090599 
1 848 1000 1000 1000 0.029922138119140507 0.027786248321167654 0.4287410823729175 
1 849 1000 1000 1000 0.029929618959577915 0.02777290978133757 0.42864944193945664 
1 850 1000 1000 1000 0.029926798356266836 0.02772868005948529 0.4281622208863232 
1 851 1000 1000 1000 0.029920685828595115 0.027717983079465443 0.4276474244712778 
1 852 1000 1000 1000 0.029899919469111035 0.027720849021741028 0.42751200095156 
1 853 1000 1000 1000 0.02991687851984441 0.027722304197811565 0.42661336926972704 
1 854 1000 1000 1000 0.029888510251203544 0.027709818921090815 0.4265663635762829 
1 855 1000 1000 1000 0.02993406925996898 0.02771920495583609 0.42635639201647124 
1 856 1000 1000 1000 0.029900097069886698 0.027721912382455215 0.42599064319464547 
1 857 1000 1000 1000 0.029925761277185155 0.027728159672235204 0.42530176954046983 
1 858 1000 1000 1000 0.029878544687381926 0.027701200617244473 0.42513066159538143 
1 859 1000 1000 1000 0.029854884376184304 0.027702248298882886 0.4243094286119632 
1 860 1000 1000 1000 0.029874076985290824 0.027712574523932054 0.42380085435918474 
1 861 1000 1000 1000 0.02986691587344385 0.027726774894694585 0.4233646956592238 
1 862 1000 1000 1000 0.02987186845620469 0.027716445718252776 0.4225505206617134 
1 863 1000 1000 1000 0.029854157403607917 0.0276669944837091 0.4217509732889951 
1 864 1000 1000 1000 0.029850135698006625 0.02767301332228832 0.42174189228633807 
1 865 1000 1000 1000 0.02984980337595003 0.02766852101988002 0.42139054577804447 
1 866 1000 1000 1000 0.02982172463267182 0.02765308463855602 0.421090842404784 
1 867 1000 1000 1000 0.02981338504474687 0.027669442268979584 0.42080020246525535 
1 868 1000 1000 1000 0.029796480584796226 0.027623139067975103 0.4204825058277468 
1 869 1000 1000 1000 0.029756264529374177 0.02763267594349681 0.4204633869720359 
1 870 1000 1000 1000 0.029800702470933357 0.027639987301961554 0.41978253386465886 
1 871 1000 1000 1000 0.02983571398053845 0.027672684829855913 0.41895429196532935 
1 872 1000 1000 1000 0.029840523765855134 0.027695167452156912 0.4185072754591164 
1 873 1000 1000 1000 0.029864212180221887 0.02772311413498447 0.41784916068081884 
1 874 1000 1000 1000 0.02988445770431169 0.027742668964018617 0.4167833405526293 
1 875 1000 1000 1000 0.029835528511748175 0.0277099494163984 0.41671875456737284 
1 876 1000 1000 1000 0.029861890187064324 0.027753793620594255 0.416291426386403 
1 877 1000 1000 1000 0.029857372671489957 0.027724340405973238 0.4159626825345589 
1 878 1000 1000 1000 0.02984210846301592 0.027723073296514356 0.4156754455434272 
1 879 1000 1000 1000 0.02985537146628678 0.027749633307286706 0.4155519193945647 
1 880 1000 1000 1000 0.029842073852859727 0.027716691299977995 0.4141639268914081 
1 881 1000 1000 1000 0.02986108736658351 0.027733187283769632 0.41382091409498356 
1 882 1000 1000 1000 0.029815805305765372 0.027722349548204853 0.4130872822943574 
1 883 1000 1000 1000 0.02990265518439627 0.02773513099119996 0.41234842918085074 
1 884 1000 1000 1000 0.02987076932557865 0.027723769627659427 0.4121142367578636 
1 885 1000 1000 1000 0.02985355765843902 0.027732154404354337 0.41119778375902466 
1 886 1000 1000 1000 0.029851531568584316 0.027739867012479602 0.411166299297257 
1 887 1000 1000 1000 0.02987286372654812 0.027719381446352186 0.4109979559929574 
1 888 1000 1000 1000 0.029857601301465683 0.027713204031951127 0.4104694000567405 
1 889 1000 1000 1000 0.029878129818205642 0.02776259466830834 0.4097193705805527 
1 890 1000 1000 1000 0.029873879647751907 0.027733310444558318 0.40896457990728363 
1 891 1000 1000 1000 0.02985482877068388 0.027739798764811408 0.408873285237748 
1 892 1000 1000 1000 0.029874409650337854 0.02772557866288476 0.40876139259449856 
1 893 1000 1000 1000 0.02984255320189656 0.02771789251936989 0.4082637375411939 
1 894 1000 1000 1000 0.029835861991316676 0.027709189469402457 0.4076284473479845 
1 895 1000 1000 1000 0.02982824443626615 0.027709462407087736 0.4072412906901514 
1 896 1000 1000 1000 0.029862581148945275 0.02774315077737366 0.406228148383353 
1 897 1000 1000 1000 0.029855969080830866 0.027737445240102392 0.4056597283639331 
1 898 1000 1000 1000 0.029811796247919672 0.0277246302157429 0.40503990984793625 
1 899 1000 1000 1000 0.02985625970554573 0.02772496416680381 0.4044279124275404 
1 900 1000 1000 1000 0.02986720584731466 0.02775666427788285 0.40415836089669477 
1 901 1000 1000 1000 0.029838194739134946 0.027760837770580013 0.40328629080867107 
1 902 1000 1000 1000 0.029862685281411474 0.027758981204520965 0.40325573551154453 
1 903 1000 1000 1000 0.029822213366291428 0.027740067257909177 0.4030779736296154 
1 904 1000 1000 1000 0.029824920320375654 0.02773470840737732 0.4023962777681929 
1 905 1000 1000 1000 0.029841973535704308 0.027722414295843354 0.4017006884979299 
1 906 1000 1000 1000 0.029834563281818226 0.02775674025352323 0.400592399082938 
1 907 1000 1000 1000 0.02984445032402252 0.02773794272138991 0.40058490715804224 
1 908 1000 1000 1000 0.029841315627248264 0.027788815729797665 0.4002939096157306 
1 909 1000 1000 1000 0.029838737147966216 0.027761145127062018 0.40001777153346757 
1 910 1000 1000 1000 0.02984778942410568 0.02777195764600568 0.3997868388705548 
1 911 1000 1000 1000 0.029841285870619322 0.02774791559984398 0.39973517283478593 
1 912 1000 1000 1000 0.029843196441190697 0.027755073816670604 0.3990631975055424 
1 913 1000 1000 1000 0.029857227074373546 0.027769357164666025 0.3990043982252482 
1 914 1000 1000 1000 0.02983774654042538 0.027753027984539828 0.3987442892882837 
1 915 1000 1000 1000 0.029832639711444474 0.027740958749368664 0.3984666734016833 
1 916 1000 1000 1000 0.029820912644744426 0.02776134116667773 0.39826813752574625 
1 917 1000 1000 1000 0.02980765712772301 0.02775620193821609 0.39825082072424484 
1 918 1000 1000 1000 0.02982684355674789 0.027768038641474972 0.39736968484793744 
1 919 1000 1000 1000 0.02982818203868885 0.02777158749401407 0.3967016047296236 
1 920 1000 1000 1000 0.029793959439409427 0.02777653500605406 0.39623494993144254 
1 921 1000 1000 1000 0.02981704449416972 0.027751841428260468 0.3960918797788205 
1 922 1000 1000 1000 0.029794989448226356 0.027764790164861563 0.3960266717452877 
1 923 1000 1000 1000 0.02977355165219951 0.027726590715408592 0.39480539430395994 
1 924 1000 1000 1000 0.029770562126204173 0.02773271405148474 0.39416306814772306 
1 925 1000 1000 1000 0.029797612640256217 0.02774576771273616 0.3937223879295353 
1 926 1000 1000 1000 0.029739010401417913 0.027696253886156024 0.3931895350897083 
1 927 1000 1000 1000 0.029794608092886553 0.027731881775862603 0.3923051428688232 
1 928 1000 1000 1000 0.02979008610295597 0.02773698794556986 0.3920155257344475 
1 929 1000 1000 1000 0.02977883251059783 0.02771020652982162 0.3910876775289609 
1 930 1000 1000 1000 0.02977248382546702 0.027725899482603227 0.3905465236421189 
1 931 1000 1000 1000 0.029776326474657732 0.027692174952232692 0.39008752598057495 
1 932 1000 1000 1000 0.029760254623740455 0.027660316473219246 0.3897913597208412 
1 933 1000 1000 1000 0.029752458105461354 0.027668255174783565 0.389084944882979 
1 934 1000 1000 1000 0.029755426831673124 0.027665212777258176 0.3890164767471371 
1 935 1000 1000 1000 0.029725485785690377 0.027639989582760472 0.38871491434605987 
1 936 1000 1000 1000 0.02974996009903521 0.027668970437492134 0.38834483141621595 
1 937 1000 1000 1000 0.029739545187371395 0.027667568107468857 0.38783796644054225 
1 938 1000 1000 1000 0.0297479302374544 0.027659313299009638 0.387345633292322 
1 939 1000 1000 1000 0.029717341533617637 0.027673687889471152 0.38688470132697117 
1 940 1000 1000 1000 0.029717571598760876 0.02768903385086716 0.38611366477200015 
1 941 1000 1000 1000 0.02970620612631045 0.02767545214379992 0.385568962871046 
1 942 1000 1000 1000 0.029722795072349328 0.02773898082151864 0.38493339792617465 
1 943 1000 1000 1000 0.02973942421869812 0.02771089229412312 0.3840837399246524 
1 944 1000 1000 1000 0.029723204069043427 0.027706760450957428 0.3839672748903183 
1 945 1000 1000 1000 0.029706286683957906 0.027698638013542935 0.3830729770079502 
1 946 1000 1000 1000 0.029730409526274246 0.027702578983436095 0.3825343837191353 
1 947 1000 1000 1000 0.029685874336070922 0.027709125857506366 0.38212505223216725 
1 948 1000 1000 1000 0.029692589502515195 0.02772761668907071 0.3818403466917382 
1 949 1000 1000 1000 0.029695694927832184 0.027754560313274692 0.3812485271133733 
1 950 1000 1000 1000 0.02972266709409592 0.027742452587904597 0.38112875019752274 
1 951 1000 1000 1000 0.0297256288217706 0.027751987861071095 0.38069734219718165 
1 952 1000 1000 1000 0.02970905112435853 0.027739709619543064 0.380407552417647 
1 953 1000 1000 1000 0.029706578708702698 0.02772832359570057 0.3801442645833519 
1 954 1000 1000 1000 0.029684352973002395 0.02772633386852649 0.37997564270822887 
1 955 1000 1000 1000 0.02972342358700522 0.027751769608989407 0.3789609195074473 
1 956 1000 1000 1000 0.02972002639361774 0.02777539737644577 0.3784032418748435 
1 957 1000 1000 1000 0.02973269131628324 0.027796114698291765 0.37795217589671665 
1 958 1000 1000 1000 0.029703031900406934 0.027750093306699912 0.377494462328577 
1 959 1000 1000 1000 0.029704639589532993 0.027741133242095806 0.37686993943965497 
1 960 1000 1000 1000 0.029690222327739848 0.02778175994157128 0.376037073741534 
1 961 1000 1000 1000 0.029707767851183432 0.027773503500118635 0.37576509914174505 
1 962 1000 1000 1000 0.02969491954340142 0.027776454346132864 0.3753718697851808 
1 963 1000 1000 1000 0.029684425829301527 0.027770772118950755 0.37505184750587556 
1 964 1000 1000 1000 0.02968180990778729 0.02778524587042357 0.37484026644933277 
1 965 1000 1000 1000 0.0296916874995057 0.027777753867292917 0.3748252534439277 
1 966 1000 1000 1000 0.029671624991866086 0.02775872248829679 0.37380474641634814 
1 967 1000 1000 1000 0.02969411000591654 0.02776446712536063 0.3731430296469069 
1 968 1000 1000 1000 0.029676897607649685 0.027756964263710864 0.37275910850040034 
1 969 1000 1000 1000 0.029692631845612133 0.02777240500375066 0.3721794143479887 
1 970 1000 1000 1000 0.029685772634893092 0.027761845264448543 0.3716927119516343 
1 971 1000 1000 1000 0.02970014582600248 0.02776844476785479 0.37167466038202807 
1 972 1000 1000 1000 0.029688892197348438 0.027754368867385585 0.3714227544070061 
1 973 1000 1000 1000 0.029692679463787734 0.027760982085852048 0.3711909407286645 
1 974 1000 1000 1000 0.029659306792135128 0.027742519732292255 0.37093357432484253 
1 975 1000 1000 1000 0.02967332351720548 0.027730460283602584 0.37058838308302416 
1 976 1000 1000 1000 0.02969425486407391 0.02775973228125349 0.3705861537919667 
1 977 1000 1000 1000 0.029639728351358006 0.027721341684641024 0.3697859249460478 
1 978 1000 1000 1000 0.02962852540794109 0.027717093020317236 0.3692224053622452 
1 979 1000 1000 1000 0.02966755069763473 0.02773927191293396 0.368877425657119 
1 980 1000 1000 1000 0.029643534930692942 0.0277223301464942 0.3686472207811545 
1 981 1000 1000 1000 0.029640756079742547 0.02774280965662025 0.3682967402973199 
1 982 1000 1000 1000 0.02966119379960763 0.027716122514020353 0.3679704317859069 
1 983 1000 1000 1000 0.02963349424439791 0.027721227004871552 0.36729458254810265 
1 984 1000 1000 1000 0.029686023285435723 0.027715988418230086 0.3668855739249523 
1 985 1000 1000 1000 0.029682363148729896 0.027735216476590607 0.3666962817451327 
1 986 1000 1000 1000 0.02969125523690858 0.027708388085702994 0.36659509112034316 
1 987 1000 1000 1000 0.029690287373295942 0.02771805917581582 0.3663544935501304 
1 988 1000 1000 1000 0.02968106928264595 0.027721727882289233 0.3662910580676657 
1 989 1000 1000 1000 0.029718347889569674 0.027744375807505585 0.36610676100019257 
1 990 1000 1000 1000 0.029699168661223106 0.0277251965788542 0.3658950068109304 
1 991 1000 1000 1000 0.029691660315521683 0.027738873864161483 0.36570656102457166 
1 992 1000 1000 1000 0.02968020611856529 0.027720583199668702 0.36569119966720204 
1 993 1000 1000 1000 0.029662555866234713 0.027729876526023663 0.36505223477357324 
1 994 1000 1000 1000 0.029649321871341405 0.027752253772170023 0.36447227698755524 
1 995 1000 1000 1000 0.029659031027353035 0.027743521622565527 0.3641461885319544 
1 996 1000 1000 1000 0.0296653395564718 0.027714095558239164 0.3639505019204454 
1 997 1000 1000 1000 0.029665043729286536 0.02774501216060691 0.3637119536998177 
1 998 1000 1000 1000 0.02963963063490719 0.027713058281205672 0.36321019749256095 
1 999 1000 1000 1000 0.029620651781668183 0.02769590467942601 0.3625718325556898 
1 1000 1000 1000 1000 0.02958848583562724 0.027649173214301617 0.3620246957977362 

