# masse: 1
# raumintervall: 1000
# zeitintervall: 1000
# zeitpunkte: 1000
# raumpunkte: 1001
# ordnung: 50
# Präzision: f64
# Wiederholungen: 1000
# Zeitpunkte Änderung: 50 Gesamtmessungen: 1
# Raumpunkte Änderung: 50 Gesamtmessungen: 1
# Ordnung Änderung: 1 Gesamtmessungen: 1
# Masse Änderung: 1 Gesamtmessungen: 1000
# Plotte:
#Masse Ordnung Zeitpunkte Raumpunkte Zeit mittel_abw_betr_num_anal  mittel_betr_anal norm_betr_num

1 50 1000 1001 1000 0.0002153589381196401 0.028300605082760444 0.9999999999969807 
1 50 1000 1001 2000 0.00041713260360941025 0.027762438921412072 0.9999999999939593 
1 50 1000 1001 3000 0.0006380176267756507 0.028234411157801183 0.9999999999909387 
1 50 1000 1001 4000 0.0008495840705399461 0.02778404170919189 0.999999999987919 
1 50 1000 1001 5000 0.0010516282479401393 0.027809417162401585 0.9999999999848985 
1 50 1000 1001 6000 0.0012902265201897988 0.028786574477108223 0.9999999999818786 
1 50 1000 1001 7000 0.001500393875745096 0.027998588297224913 0.9999999999788577 
1 50 1000 1001 8000 0.001649495086492301 0.02882079830537826 0.999999999975838 
1 50 1000 1001 9000 0.00190263360847047 0.028739413869468523 0.9999999999728171 
1 50 1000 1001 10000 0.002123249298048379 0.02859931293403425 0.9999999999697972 
1 50 1000 1001 11000 0.0022464846574449084 0.02851078310819096 0.9999999999667775 
1 50 1000 1001 12000 0.0025207055189050446 0.028497164829076934 0.9999999999637574 
1 50 1000 1001 13000 0.0027563611159944785 0.028259174687557186 0.999999999960737 
1 50 1000 1001 14000 0.002869228491298756 0.028242740722652083 0.9999999999577166 
1 50 1000 1001 15000 0.0030716979875545286 0.0289041475504588 0.9999999999546961 
1 50 1000 1001 16000 0.0032974728928364637 0.02801563578431437 0.9999999999516741 
1 50 1000 1001 17000 0.0035014065436805783 0.0262162918898379 0.9999999999486543 
1 50 1000 1001 18000 0.003565364155095448 0.027572067702406736 0.9999999999456338 
1 50 1000 1001 19000 0.0038568172192645815 0.02786402894839801 0.9999999999426135 
1 50 1000 1001 20000 0.004113852993363448 0.028576118891447712 0.9999999999395939 
1 50 1000 1001 21000 0.004436098581113618 0.028048370212461537 0.9999999999365735 
1 50 1000 1001 22000 0.004402485242397091 0.02721123544551736 0.9999999999335529 
1 50 1000 1001 23000 0.004664640546446395 0.02807167162216948 0.9999999999305341 
1 50 1000 1001 24000 0.0050133173161809015 0.027159480847201906 0.9999999999275133 
1 50 1000 1001 25000 0.005135236036113514 0.027614704877796034 0.9999999999244948 
1 50 1000 1001 26000 0.005417358362447988 0.026943859572157912 0.9999999999214728 
1 50 1000 1001 27000 0.005696148571513931 0.027789475645871673 0.9999999999184531 
1 50 1000 1001 28000 0.0060401505667436566 0.027377385471044926 0.9999999999154319 
1 50 1000 1001 29000 0.006087816158768611 0.02768380871998262 0.9999999999124126 
1 50 1000 1001 30000 0.006161116539555916 0.02845637759380685 0.9999999999093918 
1 50 1000 1001 31000 0.00647349005801992 0.0278466821789946 0.999999999906372 
1 50 1000 1001 32000 0.006632278836342594 0.02775014260058407 0.9999999999033508 
1 50 1000 1001 33000 0.00708243307714695 0.02811212664769633 0.9999999999003303 
1 50 1000 1001 34000 0.007250983146945549 0.02820779771478733 0.9999999998973088 
1 50 1000 1001 35000 0.007405872276192077 0.028042945229488234 0.9999999998942904 
1 50 1000 1001 36000 0.007559805310654111 0.02755051852692069 0.9999999998912683 
1 50 1000 1001 37000 0.007420489130499871 0.028161417907004663 0.9999999998882483 
1 50 1000 1001 38000 0.007656598180352724 0.02797039006498673 0.9999999998852285 
1 50 1000 1001 39000 0.007786706741132775 0.027173341314643135 0.9999999998822071 
1 50 1000 1001 40000 0.008358070439056758 0.027992019456031313 0.9999999998791863 
1 50 1000 1001 41000 0.008396064430113972 0.028385040234464077 0.999999999876167 
1 50 1000 1001 42000 0.00871193381408304 0.028551120203175354 0.9999999998731458 
1 50 1000 1001 43000 0.008895591460621275 0.02834525513849339 0.9999999998701242 
1 50 1000 1001 44000 0.008723358910408548 0.02788505745779164 0.9999999998671079 
1 50 1000 1001 45000 0.009295515330773715 0.02784148797528779 0.9999999998640847 
1 50 1000 1001 46000 0.009317898287474223 0.028415394056530163 0.9999999998610639 
1 50 1000 1001 47000 0.009157764195951632 0.0279411356123067 0.9999999998580434 
1 50 1000 1001 48000 0.00987204527814375 0.02839925476687015 0.9999999998550226 
1 50 1000 1001 49000 0.009984267937073302 0.027427874267824844 0.9999999998520038 
1 50 1000 1001 50000 0.010407454132743885 0.027940819041405385 0.9999999998489824 
1 50 1000 1001 51000 0.010321610515543622 0.0277743949142192 0.9999999998459623 
1 50 1000 1001 52000 0.010383060565189 0.028732354116505657 0.9999999998429423 
1 50 1000 1001 53000 0.010652083888740576 0.02752408310926668 0.9999999998399216 
1 50 1000 1001 54000 0.010676589273013725 0.027510866020136873 0.9999999998369004 
1 50 1000 1001 55000 0.010914895393461677 0.027683334005563352 0.999999999833881 
1 50 1000 1001 56000 0.011635679237721096 0.02843857163891685 0.9999999998308609 
1 50 1000 1001 57000 0.0115149209146363 0.02838071203870059 0.9999999998278407 
1 50 1000 1001 58000 0.01171953543936223 0.027387615525064024 0.9999999998248185 
1 50 1000 1001 59000 0.012116875248113055 0.028659670180621283 0.9999999998218001 
1 50 1000 1001 60000 0.012184470920364267 0.028537196987301 0.9999999998187786 
1 50 1000 1001 61000 0.012201049657426128 0.028415073699697653 0.9999999998157582 
1 50 1000 1001 62000 0.01203129846699359 0.027310923731926454 0.9999999998127389 
1 50 1000 1001 63000 0.012211240749506047 0.028738687244740345 0.9999999998097195 
1 50 1000 1001 64000 0.012645546582894282 0.028361410562849774 0.9999999998066992 
1 50 1000 1001 65000 0.013125675145659085 0.02773781194386108 0.9999999998036759 
1 50 1000 1001 66000 0.013071182738209066 0.029091142186220793 0.9999999998006571 
1 50 1000 1001 67000 0.01326870958683973 0.028358101866863245 0.9999999997976365 
1 50 1000 1001 68000 0.013012358189978944 0.028288378389401805 0.9999999997946154 
1 50 1000 1001 69000 0.01368114154882392 0.028291177901321473 0.9999999997915957 
1 50 1000 1001 70000 0.013674292582026387 0.027848153202223835 0.9999999997885739 
1 50 1000 1001 71000 0.013901623574814365 0.027179304033699715 0.9999999997855542 
1 50 1000 1001 72000 0.014300617064198039 0.028807196231201277 0.9999999997825346 
1 50 1000 1001 73000 0.01397286143618446 0.027545407575163876 0.9999999997795138 
1 50 1000 1001 74000 0.01454815660912235 0.027448533280682558 0.9999999997764931 
1 50 1000 1001 75000 0.014546158818032335 0.028587881961200302 0.9999999997734728 
1 50 1000 1001 76000 0.014489733798576461 0.028293564083721044 0.9999999997704535 
1 50 1000 1001 77000 0.015198025623942646 0.028100168624057977 0.9999999997674328 
1 50 1000 1001 78000 0.015073906038446338 0.02813012214216631 0.9999999997644115 
1 50 1000 1001 79000 0.01491705026884832 0.028687202366216805 0.999999999761391 
1 50 1000 1001 80000 0.014667552861581785 0.02758152494861909 0.9999999997583706 
1 50 1000 1001 81000 0.015487587272799213 0.02733949459849278 0.9999999997553494 
1 50 1000 1001 82000 0.015162518666143428 0.02811203189482207 0.9999999997523297 
1 50 1000 1001 83000 0.015039994527579521 0.027526724174933917 0.999999999749307 
1 50 1000 1001 84000 0.01540781668690749 0.027857967610939543 0.9999999997462867 
1 50 1000 1001 85000 0.01604109498326022 0.028810795044740656 0.9999999997432675 
1 50 1000 1001 86000 0.015931785519234097 0.028463953693045538 0.9999999997402459 
1 50 1000 1001 87000 0.01584766982502528 0.027517302920332515 0.9999999997372253 
1 50 1000 1001 88000 0.015952654117272338 0.028271464027784958 0.9999999997342056 
1 50 1000 1001 89000 0.0163222207466659 0.028070353812875672 0.9999999997311863 
1 50 1000 1001 90000 0.016363717892589415 0.027384627269226303 0.999999999728166 
1 50 1000 1001 91000 0.017180419125146614 0.027919915031038505 0.9999999997251444 
1 50 1000 1001 92000 0.017002667444534443 0.02818835900478766 0.9999999997221256 
1 50 1000 1001 93000 0.016976505255691443 0.027699015894396436 0.999999999719104 
1 50 1000 1001 94000 0.017832289057460995 0.027705146408531188 0.9999999997160827 
1 50 1000 1001 95000 0.01727418445845193 0.02830991057838871 0.999999999713065 
1 50 1000 1001 96000 0.017115017550632227 0.027412992412764865 0.9999999997100435 
1 50 1000 1001 97000 0.017366583796517246 0.027985827567835027 0.999999999707022 
1 50 1000 1001 98000 0.018423515143561452 0.02737449424419095 0.9999999997040026 
1 50 1000 1001 99000 0.01762696191364352 0.027763473616502242 0.9999999997009819 
1 50 1000 1001 100000 0.01769863756484001 0.027947984035995938 0.9999999996979629 
1 50 1000 1001 101000 0.018720721660561178 0.02785586813432191 0.9999999996949411 
1 50 1000 1001 102000 0.017815223539353806 0.027317111983583983 0.9999999996919208 
1 50 1000 1001 103000 0.01804180465632371 0.027741486857484256 0.9999999996889002 
1 50 1000 1001 104000 0.01846278244883612 0.02854779720311325 0.9999999996858804 
1 50 1000 1001 105000 0.018811296703754556 0.028584574336098324 0.999999999682861 
1 50 1000 1001 106000 0.01883210536331163 0.027865127646783627 0.99999999967984 
1 50 1000 1001 107000 0.01921242537617314 0.027171619342972703 0.9999999996768193 
1 50 1000 1001 108000 0.019187419585832817 0.028023389112548674 0.9999999996737992 
1 50 1000 1001 109000 0.018619584447241756 0.027019696061671688 0.9999999996707782 
1 50 1000 1001 110000 0.018869075053477808 0.02766619292451059 0.999999999667757 
1 50 1000 1001 111000 0.018980081616635593 0.02710918065637215 0.9999999996647367 
1 50 1000 1001 112000 0.018890206458945468 0.02731039847696609 0.9999999996617163 
1 50 1000 1001 113000 0.018887420578709593 0.028338497440731473 0.999999999658697 
1 50 1000 1001 114000 0.0199747228642132 0.028350146051667826 0.9999999996556774 
1 50 1000 1001 115000 0.019447137479726956 0.02734116136479846 0.9999999996526564 
1 50 1000 1001 116000 0.02023918201641426 0.02788036074713966 0.9999999996496348 
1 50 1000 1001 117000 0.02018510722968216 0.028217009257606084 0.9999999996466155 
1 50 1000 1001 118000 0.019978992274705495 0.027662402885353685 0.999999999643595 
1 50 1000 1001 119000 0.02063074214043875 0.028261103026336117 0.9999999996405744 
1 50 1000 1001 120000 0.020386578863067627 0.027763711981786954 0.9999999996375518 
1 50 1000 1001 121000 0.0208210496768572 0.027642093874190834 0.9999999996345337 
1 50 1000 1001 122000 0.02069805194819461 0.028250183012656874 0.9999999996315131 
1 50 1000 1001 123000 0.0204015277179798 0.02767138750398596 0.999999999628493 
1 50 1000 1001 124000 0.020793309538854086 0.028003095335403454 0.9999999996254725 
1 50 1000 1001 125000 0.020565374880136086 0.027744782235212602 0.9999999996224529 
1 50 1000 1001 126000 0.021059379847722243 0.028677614621458312 0.9999999996194322 
1 50 1000 1001 127000 0.02104471781875805 0.028352047110823807 0.999999999616413 
1 50 1000 1001 128000 0.020710196304815586 0.02907848301002443 0.9999999996133907 
1 50 1000 1001 129000 0.021183979684429467 0.027745167098196508 0.9999999996103714 
1 50 1000 1001 130000 0.020990846909791423 0.027383872645667745 0.9999999996073519 
1 50 1000 1001 131000 0.02150452151071951 0.027784428438630156 0.999999999604329 
1 50 1000 1001 132000 0.02115011221679088 0.027493184560450884 0.9999999996013105 
1 50 1000 1001 133000 0.021605129575351052 0.02893225051608701 0.9999999995982908 
1 50 1000 1001 134000 0.021241585658081326 0.028284097507140005 0.9999999995952723 
1 50 1000 1001 135000 0.02157506127353758 0.028725325998369515 0.9999999995922504 
1 50 1000 1001 136000 0.02234258511980765 0.028081516064996693 0.999999999589229 
1 50 1000 1001 137000 0.02166278354095319 0.028617501843116157 0.9999999995862083 
1 50 1000 1001 138000 0.021906486151369784 0.027200280679066352 0.999999999583189 
1 50 1000 1001 139000 0.02197441829365851 0.0277905129179821 0.9999999995801692 
1 50 1000 1001 140000 0.021704855480665024 0.0283403260746813 0.9999999995771486 
1 50 1000 1001 141000 0.02190548153231014 0.028566653427961556 0.9999999995741277 
1 50 1000 1001 142000 0.022547678766208952 0.02757664085552328 0.9999999995711059 
1 50 1000 1001 143000 0.021751425842398444 0.02723990135559241 0.999999999568088 
1 50 1000 1001 144000 0.022616035232075254 0.027558474038480156 0.9999999995650659 
1 50 1000 1001 145000 0.022212596470338967 0.027797002206308985 0.9999999995620452 
1 50 1000 1001 146000 0.021796771368181648 0.028440113114644717 0.9999999995590252 
1 50 1000 1001 147000 0.02292877644763713 0.02872604686309361 0.999999999556005 
1 50 1000 1001 148000 0.022017770173014116 0.02842852441159969 0.9999999995529848 
1 50 1000 1001 149000 0.022157603815524226 0.027581547960152164 0.9999999995499658 
1 50 1000 1001 150000 0.023111019743359076 0.02815603758904114 0.9999999995469441 
1 50 1000 1001 151000 0.022028597841422876 0.027698899422015155 0.9999999995439235 
1 50 1000 1001 152000 0.022344276952602722 0.027947128260569054 0.9999999995409028 
1 50 1000 1001 153000 0.02279402501738605 0.02776573093348563 0.9999999995378844 
1 50 1000 1001 154000 0.023095105778318 0.027182580114112224 0.9999999995348625 
1 50 1000 1001 155000 0.02334204482230523 0.028556255175495135 0.9999999995318426 
1 50 1000 1001 156000 0.02273811784286673 0.027854966240448448 0.999999999528824 
1 50 1000 1001 157000 0.023257873768014813 0.02838580392988692 0.9999999995258017 
1 50 1000 1001 158000 0.021707540888788783 0.028176979753347483 0.9999999995227817 
1 50 1000 1001 159000 0.022640366295327424 0.028458245070234724 0.9999999995197625 
1 50 1000 1001 160000 0.02367290639140684 0.02731266097723372 0.999999999516741 
1 50 1000 1001 161000 0.022729695008799993 0.028434497032185587 0.9999999995137205 
1 50 1000 1001 162000 0.023693105088682102 0.027906496404736192 0.9999999995106991 
1 50 1000 1001 163000 0.022704662074983187 0.027374990821900726 0.9999999995076795 
1 50 1000 1001 164000 0.024116309324132328 0.02777306559985177 0.9999999995046603 
1 50 1000 1001 165000 0.023312654686180077 0.02757592869204992 0.9999999995016405 
1 50 1000 1001 166000 0.02362546199724477 0.027175444012774844 0.9999999994986198 
1 50 1000 1001 167000 0.02302174204459403 0.02733807354670826 0.9999999994955974 
1 50 1000 1001 168000 0.022582143186796976 0.02806157599584314 0.9999999994925785 
1 50 1000 1001 169000 0.02415287066827078 0.02795895508677929 0.9999999994895601 
1 50 1000 1001 170000 0.02346917073108806 0.02872915907023774 0.9999999994865384 
1 50 1000 1001 171000 0.023414105446151287 0.028279329358012226 0.9999999994835189 
1 50 1000 1001 172000 0.023823424012437013 0.028473639695057708 0.9999999994804983 
1 50 1000 1001 173000 0.023497337265568165 0.027700935237836434 0.9999999994774768 
1 50 1000 1001 174000 0.024392305183685535 0.028575509677164913 0.9999999994744574 
1 50 1000 1001 175000 0.023429099094528193 0.02720971077080105 0.9999999994714371 
1 50 1000 1001 176000 0.02419713938631383 0.02760416218974139 0.9999999994684167 
1 50 1000 1001 177000 0.023389634894078838 0.02771217538725027 0.9999999994653952 
1 50 1000 1001 178000 0.023208988023894626 0.028291346543155987 0.9999999994623769 
1 50 1000 1001 179000 0.023508197562997366 0.02764189395131717 0.9999999994593561 
1 50 1000 1001 180000 0.02402225059022562 0.028220133942063328 0.9999999994563346 
1 50 1000 1001 181000 0.02405228222441052 0.027983674605551435 0.999999999453313 
1 50 1000 1001 182000 0.023650097184951268 0.028007940702750308 0.9999999994502937 
1 50 1000 1001 183000 0.024064506184609886 0.027653014004887063 0.9999999994472722 
1 50 1000 1001 184000 0.02298583789629746 0.028274346653596887 0.9999999994442529 
1 50 1000 1001 185000 0.024105524971560037 0.02761364869540586 0.999999999441232 
1 50 1000 1001 186000 0.024193099460487564 0.02787134718536697 0.9999999994382105 
1 50 1000 1001 187000 0.02416058955607539 0.027625307552160163 0.9999999994351911 
1 50 1000 1001 188000 0.023639140776935495 0.027085760138118902 0.9999999994321694 
1 50 1000 1001 189000 0.024037547697180885 0.02846444231816258 0.9999999994291501 
1 50 1000 1001 190000 0.024280118170594576 0.028708616993660573 0.9999999994261303 
1 50 1000 1001 191000 0.02412687345223306 0.02853658551200531 0.9999999994231088 
1 50 1000 1001 192000 0.02402520063189046 0.026992712452200085 0.9999999994200893 
1 50 1000 1001 193000 0.023381330004505808 0.027752316554780002 0.9999999994170702 
1 50 1000 1001 194000 0.02432249970392962 0.027363470034419 0.9999999994140487 
1 50 1000 1001 195000 0.024664549976791798 0.027150911642843573 0.9999999994110279 
1 50 1000 1001 196000 0.0244413460812271 0.026270425451197933 0.999999999408009 
1 50 1000 1001 197000 0.025155291047240378 0.028425962619893427 0.9999999994049885 
1 50 1000 1001 198000 0.024891705230395113 0.028421712066752137 0.9999999994019679 
1 50 1000 1001 199000 0.02458488320020389 0.02761075937021169 0.9999999993989488 
1 50 1000 1001 200000 0.024663150564521286 0.027811658268191344 0.9999999993959282 
1 50 1000 1001 201000 0.024087382511468643 0.028243594698325075 0.9999999993929066 
1 50 1000 1001 202000 0.02380113298265101 0.02754157063938162 0.9999999993898873 
1 50 1000 1001 203000 0.02423886850257645 0.028202216378335386 0.9999999993868657 
1 50 1000 1001 204000 0.02376926614173053 0.028508031346777367 0.9999999993838468 
1 50 1000 1001 205000 0.024829068449677052 0.02869729919596808 0.9999999993808257 
1 50 1000 1001 206000 0.024559251101753797 0.02811232500477611 0.9999999993778059 
1 50 1000 1001 207000 0.02440545437233681 0.02777018911919839 0.9999999993747839 
1 50 1000 1001 208000 0.02479241377114785 0.02740832226364643 0.9999999993717649 
1 50 1000 1001 209000 0.024416427638430327 0.028422500223042577 0.999999999368744 
1 50 1000 1001 210000 0.024101690285794137 0.027820913231181684 0.9999999993657226 
1 50 1000 1001 211000 0.025304954305101865 0.027999746341808664 0.9999999993627028 
1 50 1000 1001 212000 0.024919551012569287 0.02858330255812709 0.9999999993596829 
1 50 1000 1001 213000 0.025526425694895306 0.027552268591093054 0.9999999993566622 
1 50 1000 1001 214000 0.024667311734075693 0.027669033897246884 0.9999999993536415 
1 50 1000 1001 215000 0.025058384002753998 0.027514607763512333 0.9999999993506217 
1 50 1000 1001 216000 0.024845836501997978 0.028845073453997422 0.9999999993476004 
1 50 1000 1001 217000 0.025371213513496114 0.027739004576696178 0.9999999993445801 
1 50 1000 1001 218000 0.02482016135131968 0.028184052783583397 0.9999999993415616 
1 50 1000 1001 219000 0.024551742579714937 0.02806532407479771 0.9999999993385403 
1 50 1000 1001 220000 0.023810840920128747 0.02806142784695717 0.9999999993355195 
1 50 1000 1001 221000 0.024694342933131715 0.028112177931250603 0.9999999993324975 
1 50 1000 1001 222000 0.0246320390382414 0.027841724973691813 0.9999999993294789 
1 50 1000 1001 223000 0.024406617265153453 0.02770393329056004 0.9999999993264576 
1 50 1000 1001 224000 0.025819839094988948 0.028160275359301944 0.999999999323437 
1 50 1000 1001 225000 0.02505608867713517 0.027539678564175368 0.999999999320416 
1 50 1000 1001 226000 0.02487455226393279 0.02818617657331258 0.9999999993173969 
1 50 1000 1001 227000 0.02484701789499142 0.02806771848503185 0.9999999993143763 
1 50 1000 1001 228000 0.0242698794690127 0.028427222855173764 0.9999999993113551 
1 50 1000 1001 229000 0.025051747153820594 0.027729798118954794 0.9999999993083344 
1 50 1000 1001 230000 0.0254499629685987 0.028123865623602987 0.9999999993053145 
1 50 1000 1001 231000 0.025024976925263398 0.02822658312844263 0.9999999993022953 
1 50 1000 1001 232000 0.024956950000560224 0.02822562243564728 0.9999999992992742 
1 50 1000 1001 233000 0.024923923429862292 0.028587925010074764 0.999999999296254 
1 50 1000 1001 234000 0.025489526950336315 0.028483892566096687 0.9999999992932322 
1 50 1000 1001 235000 0.025160481775271935 0.028199324479678562 0.9999999992902108 
1 50 1000 1001 236000 0.025139315790571284 0.027663413201746246 0.9999999992871919 
1 50 1000 1001 237000 0.025097847914741858 0.028209236468519087 0.9999999992841734 
1 50 1000 1001 238000 0.024622492544907382 0.027341425451625632 0.9999999992811518 
1 50 1000 1001 239000 0.025339078160855205 0.02869201258199056 0.9999999992781334 
1 50 1000 1001 240000 0.02540154660244218 0.02772679822751025 0.9999999992751119 
1 50 1000 1001 241000 0.024412193757583692 0.02732501387474606 0.9999999992720898 
1 50 1000 1001 242000 0.025529155707034644 0.027779490495232807 0.9999999992690707 
1 50 1000 1001 243000 0.02491197273497603 0.027492063370074774 0.9999999992660494 
1 50 1000 1001 244000 0.025767656822777065 0.027908912115833337 0.9999999992630294 
1 50 1000 1001 245000 0.02585490860536326 0.027891405946432527 0.9999999992600093 
1 50 1000 1001 246000 0.025283176183863745 0.02841409285601636 0.9999999992569898 
1 50 1000 1001 247000 0.025120012709583712 0.02852065298603254 0.9999999992539692 
1 50 1000 1001 248000 0.025257598218908803 0.02750800180658312 0.9999999992509485 
1 50 1000 1001 249000 0.02557947217432195 0.028063616218969738 0.9999999992479277 
1 50 1000 1001 250000 0.025083391549025003 0.027671789161999756 0.9999999992449068 
1 50 1000 1001 251000 0.025935580788017425 0.028187671286759638 0.9999999992418859 
1 50 1000 1001 252000 0.025933824464235512 0.027882987586054703 0.9999999992388678 
1 50 1000 1001 253000 0.025841467963185368 0.028822057499080057 0.9999999992358459 
1 50 1000 1001 254000 0.02591345485476909 0.027511000668224494 0.9999999992328258 
1 50 1000 1001 255000 0.026107548623855205 0.02812741250206901 0.999999999229805 
1 50 1000 1001 256000 0.02589678653763289 0.0278505269886753 0.9999999992267833 
1 50 1000 1001 257000 0.025835968566949648 0.028546559537929055 0.9999999992237626 
1 50 1000 1001 258000 0.025568642180296353 0.028198310755289453 0.9999999992207437 
1 50 1000 1001 259000 0.0254765872022395 0.02711593686698178 0.999999999217723 
1 50 1000 1001 260000 0.02564618409950668 0.027278751611065695 0.9999999992147036 
1 50 1000 1001 261000 0.026185589474989574 0.028456210937505482 0.9999999992116828 
1 50 1000 1001 262000 0.025034387566607478 0.028356121055594753 0.999999999208663 
1 50 1000 1001 263000 0.02655498585587659 0.02811444717507771 0.9999999992056429 
1 50 1000 1001 264000 0.025180224279676495 0.027763232191531373 0.9999999992026216 
1 50 1000 1001 265000 0.026452681735163453 0.027281308096634052 0.9999999991996011 
1 50 1000 1001 266000 0.02443286381405427 0.028250181733254727 0.9999999991965827 
1 50 1000 1001 267000 0.025613845000694364 0.028454652411157588 0.9999999991935611 
1 50 1000 1001 268000 0.02460049225619724 0.02754700486496961 0.9999999991905411 
1 50 1000 1001 269000 0.02588815454348886 0.028620257122146275 0.9999999991875198 
1 50 1000 1001 270000 0.023733999931650162 0.026932695968503017 0.999999999184501 
1 50 1000 1001 271000 0.026072502064153492 0.028124742917357306 0.9999999991814813 
1 50 1000 1001 272000 0.024910461191299815 0.0271395764508654 0.9999999991784587 
1 50 1000 1001 273000 0.02574590951749451 0.029144206290793267 0.9999999991754386 
1 50 1000 1001 274000 0.02552686507062827 0.027818425094632823 0.9999999991724191 
1 50 1000 1001 275000 0.025019489762161357 0.028146689334726433 0.9999999991693985 
1 50 1000 1001 276000 0.02629152001785261 0.02779213463269964 0.9999999991663778 
1 50 1000 1001 277000 0.025317805711785952 0.027599801997600447 0.9999999991633586 
1 50 1000 1001 278000 0.025030502863571228 0.028138759615873452 0.999999999160337 
1 50 1000 1001 279000 0.02663883854790403 0.02821776473063583 0.9999999991573166 
1 50 1000 1001 280000 0.02631791276688414 0.027954610994332506 0.9999999991542963 
1 50 1000 1001 281000 0.026655652439640458 0.027507217322927657 0.9999999991512741 
1 50 1000 1001 282000 0.0266875335189815 0.027995810985841724 0.9999999991482563 
1 50 1000 1001 283000 0.026775187359626598 0.02638961555762692 0.9999999991452363 
1 50 1000 1001 284000 0.025810024593617396 0.02818989109769847 0.999999999142214 
1 50 1000 1001 285000 0.02510463578560039 0.026755085495174562 0.9999999991391948 
1 50 1000 1001 286000 0.025872898902326805 0.028023741492825414 0.9999999991361731 
1 50 1000 1001 287000 0.02532093050473375 0.02753593272838927 0.9999999991331522 
1 50 1000 1001 288000 0.02652829301937719 0.027603486351582822 0.9999999991301322 
1 50 1000 1001 289000 0.026633002765330552 0.02737953867295722 0.9999999991271123 
1 50 1000 1001 290000 0.026442679265991635 0.027598289364334356 0.9999999991240919 
1 50 1000 1001 291000 0.027087385498745696 0.028620335375683113 0.9999999991210692 
1 50 1000 1001 292000 0.026283118316672256 0.02786636888672829 0.9999999991180539 
1 50 1000 1001 293000 0.026409764338678914 0.028393226341484373 0.9999999991150312 
1 50 1000 1001 294000 0.024470556237209475 0.027577149958526836 0.9999999991120092 
1 50 1000 1001 295000 0.026640220599893398 0.02784755504046921 0.9999999991089904 
1 50 1000 1001 296000 0.025589368809105773 0.028246215381817583 0.9999999991059705 
1 50 1000 1001 297000 0.02667505872686389 0.02820468329806359 0.999999999102949 
1 50 1000 1001 298000 0.027079594360332002 0.028184973031585518 0.999999999099929 
1 50 1000 1001 299000 0.027633996517897375 0.02867900911887615 0.9999999990969083 
1 50 1000 1001 300000 0.02646986292984135 0.028736983950770515 0.9999999990938883 
1 50 1000 1001 301000 0.02680745912975375 0.027450911118424095 0.9999999990908678 
1 50 1000 1001 302000 0.02640743535074412 0.028143899468044613 0.9999999990878471 
1 50 1000 1001 303000 0.027246530777898608 0.028444734497280303 0.9999999990848268 
1 50 1000 1001 304000 0.026405500426721545 0.028589998364883577 0.9999999990818084 
1 50 1000 1001 305000 0.02606567594134194 0.028476321543848 0.999999999078788 
1 50 1000 1001 306000 0.02674565747041232 0.028368802486955096 0.9999999990757662 
1 50 1000 1001 307000 0.0278334432523648 0.027816103321336993 0.9999999990727458 
1 50 1000 1001 308000 0.02733429181895765 0.02810880620343895 0.9999999990697278 
1 50 1000 1001 309000 0.02716104582122402 0.028337261491513447 0.9999999990667059 
1 50 1000 1001 310000 0.026579577319947607 0.027586529482539625 0.9999999990636865 
1 50 1000 1001 311000 0.026881439448243456 0.028235782163698243 0.9999999990606655 
1 50 1000 1001 312000 0.02750502917346312 0.027595389311138523 0.9999999990576435 
1 50 1000 1001 313000 0.027326807812001665 0.02760630257823554 0.9999999990546243 
1 50 1000 1001 314000 0.027900306982096248 0.027180273706631106 0.9999999990516041 
1 50 1000 1001 315000 0.028467497098275486 0.02757519473681441 0.9999999990485845 
1 50 1000 1001 316000 0.027555056310004575 0.027937611426908843 0.9999999990455645 
1 50 1000 1001 317000 0.02676915881575566 0.028265407534349335 0.9999999990425431 
1 50 1000 1001 318000 0.026892746390222075 0.028725528428867934 0.999999999039521 
1 50 1000 1001 319000 0.0279089959312728 0.027700481544863858 0.9999999990365016 
1 50 1000 1001 320000 0.02808951123937508 0.02823373693799624 0.9999999990334829 
1 50 1000 1001 321000 0.028343215918682812 0.028394538730003478 0.9999999990304618 
1 50 1000 1001 322000 0.028665476781158897 0.027274471719953206 0.9999999990274414 
1 50 1000 1001 323000 0.028526616918751406 0.02674352382521676 0.9999999990244205 
1 50 1000 1001 324000 0.028660248035254365 0.028482167036751188 0.9999999990213977 
1 50 1000 1001 325000 0.028106097429211916 0.02893362692341645 0.999999999018379 
1 50 1000 1001 326000 0.02806839796567934 0.027885903721408624 0.999999999015359 
1 50 1000 1001 327000 0.02767239062809999 0.028296096783210684 0.9999999990123393 
1 50 1000 1001 328000 0.028161586472752055 0.028564099169894077 0.9999999990093182 
1 50 1000 1001 329000 0.028358944707997324 0.028506542210709373 0.9999999990062981 
1 50 1000 1001 330000 0.028716750911797345 0.028093301295166077 0.9999999990032762 
1 50 1000 1001 331000 0.02857342337104921 0.0280249869865179 0.9999999990002554 
1 50 1000 1001 332000 0.027917135680316056 0.027605426638437822 0.9999999989972366 
1 50 1000 1001 333000 0.02759211335593327 0.028125733268397242 0.9999999989942162 
1 50 1000 1001 334000 0.0279100016876617 0.02748974751335599 0.9999999989911947 
1 50 1000 1001 335000 0.029125524149958667 0.027317283162785654 0.999999998988175 
1 50 1000 1001 336000 0.02824062128032415 0.02783579253193467 0.9999999989851555 
1 50 1000 1001 337000 0.026962500193796528 0.027481677633508773 0.9999999989821344 
1 50 1000 1001 338000 0.027812098953372177 0.02827251664554819 0.9999999989791136 
1 50 1000 1001 339000 0.028712541040429147 0.02808617613281411 0.9999999989760934 
1 50 1000 1001 340000 0.028041077285460625 0.028149956729285025 0.9999999989730722 
1 50 1000 1001 341000 0.026535787432984865 0.02603448721191267 0.9999999989700532 
1 50 1000 1001 342000 0.026548963554337435 0.027443641759764482 0.9999999989670316 
1 50 1000 1001 343000 0.028817525262446905 0.02822776472091018 0.999999998964011 
1 50 1000 1001 344000 0.02828617566689054 0.02752628686867199 0.9999999989609906 
1 50 1000 1001 345000 0.026361205174273237 0.027851580999222893 0.9999999989579696 
1 50 1000 1001 346000 0.02740519967422221 0.028414702350330764 0.9999999989549504 
1 50 1000 1001 347000 0.029040405598377096 0.02783738229046008 0.9999999989519289 
1 50 1000 1001 348000 0.029253804686133127 0.0283170586429753 0.9999999989489093 
1 50 1000 1001 349000 0.02820729719945888 0.028774575115911964 0.9999999989458901 
1 50 1000 1001 350000 0.027175305629978646 0.027906153762827585 0.9999999989428677 
1 50 1000 1001 351000 0.02891941512037898 0.028381189212291536 0.9999999989398483 
1 50 1000 1001 352000 0.02898640079240183 0.028979383390256023 0.9999999989368281 
1 50 1000 1001 353000 0.028949157905491317 0.028037048992427704 0.999999998933809 
1 50 1000 1001 354000 0.028621948810317488 0.028602217262744985 0.999999998930789 
1 50 1000 1001 355000 0.028453187039380944 0.0278758911637712 0.9999999989277685 
1 50 1000 1001 356000 0.029001844079024508 0.027590992567212532 0.9999999989247486 
1 50 1000 1001 357000 0.029485084162202115 0.028120864955718163 0.9999999989217271 
1 50 1000 1001 358000 0.027821117530622382 0.027921382429072078 0.9999999989187071 
1 50 1000 1001 359000 0.029112256582396166 0.028377056150561027 0.9999999989156861 
1 50 1000 1001 360000 0.029543007860700996 0.028638208575392687 0.9999999989126677 
1 50 1000 1001 361000 0.029304577896603096 0.02784014255620008 0.9999999989096473 
1 50 1000 1001 362000 0.028882921948252857 0.028140050550143472 0.9999999989066263 
1 50 1000 1001 363000 0.027902056127715485 0.028096637969191884 0.9999999989036058 
1 50 1000 1001 364000 0.028476882156995967 0.02798124252509706 0.9999999989005859 
1 50 1000 1001 365000 0.029170263919870425 0.027888738016835384 0.9999999988975642 
1 50 1000 1001 366000 0.0284452381182591 0.028228947098802942 0.9999999988945432 
1 50 1000 1001 367000 0.028972102051148814 0.028524000934145404 0.999999998891524 
1 50 1000 1001 368000 0.029392901312370247 0.02790667432349175 0.9999999988885038 
1 50 1000 1001 369000 0.028955576559911624 0.027206082263466897 0.9999999988854831 
1 50 1000 1001 370000 0.029115266713129234 0.028923572543598567 0.9999999988824614 
1 50 1000 1001 371000 0.02884313519255326 0.02818583693376515 0.9999999988794427 
1 50 1000 1001 372000 0.02921467851320417 0.028079094146520114 0.9999999988764203 
1 50 1000 1001 373000 0.029054296845023028 0.028086164768865773 0.9999999988734013 
1 50 1000 1001 374000 0.02924987690872279 0.02752657331440291 0.9999999988703808 
1 50 1000 1001 375000 0.029513734247987658 0.028493405853735203 0.9999999988673606 
1 50 1000 1001 376000 0.028707741569950686 0.02828023837572257 0.99999999886434 
1 50 1000 1001 377000 0.029175620556627584 0.028062425260058702 0.99999999886132 
1 50 1000 1001 378000 0.029047704186272845 0.027929085318516726 0.9999999988582985 
1 50 1000 1001 379000 0.028365911983309736 0.02710333592706245 0.9999999988552788 
1 50 1000 1001 380000 0.028218323506512287 0.027915858342336255 0.9999999988522588 
1 50 1000 1001 381000 0.02870859287855743 0.028007515334969733 0.9999999988492386 
1 50 1000 1001 382000 0.028147549023402173 0.028460018006395395 0.9999999988462175 
1 50 1000 1001 383000 0.029880392380114727 0.02839317256338844 0.9999999988431982 
1 50 1000 1001 384000 0.02988352575352614 0.02859940172940813 0.9999999988401759 
1 50 1000 1001 385000 0.030010801669420592 0.028450315414341277 0.9999999988371556 
1 50 1000 1001 386000 0.029535420763388772 0.02791118316651569 0.9999999988341354 
1 50 1000 1001 387000 0.02921934426324178 0.028154848716790994 0.9999999988311167 
1 50 1000 1001 388000 0.02842827874055977 0.027853385578629285 0.9999999988280954 
1 50 1000 1001 389000 0.02817895914750691 0.02759795147168824 0.9999999988250766 
1 50 1000 1001 390000 0.028478860599099938 0.028030848329716997 0.9999999988220559 
1 50 1000 1001 391000 0.029663084865266885 0.027847048585043405 0.9999999988190355 
1 50 1000 1001 392000 0.028932363269249358 0.02793949918952756 0.999999998816016 
1 50 1000 1001 393000 0.02909592589804017 0.028175615647389317 0.999999998812994 
1 50 1000 1001 394000 0.0286032316765407 0.028173430282197997 0.9999999988099753 
1 50 1000 1001 395000 0.028790666845358123 0.028009289453396615 0.9999999988069533 
1 50 1000 1001 396000 0.027914232606500854 0.028002011496787712 0.9999999988039335 
1 50 1000 1001 397000 0.02809952850228782 0.02769708358791871 0.9999999988009126 
1 50 1000 1001 398000 0.027922743870210417 0.02774569189054638 0.9999999987978927 
1 50 1000 1001 399000 0.02808165437239858 0.02684625714082832 0.9999999987948728 
1 50 1000 1001 400000 0.029374017898555968 0.027781825751515884 0.9999999987918525 
1 50 1000 1001 401000 0.029292212198885885 0.027703312707841862 0.9999999987888317 
1 50 1000 1001 402000 0.028911436612471246 0.027935457020380007 0.99999999878581 
1 50 1000 1001 403000 0.02797951359138913 0.028163041038398468 0.9999999987827896 
1 50 1000 1001 404000 0.029006645900131783 0.027904649646994375 0.9999999987797694 
1 50 1000 1001 405000 0.028463854029374677 0.02823673340606088 0.9999999987767494 
1 50 1000 1001 406000 0.02780453789242933 0.02793804325005504 0.999999998773728 
1 50 1000 1001 407000 0.02855159239723811 0.0276384276472772 0.9999999987707098 
1 50 1000 1001 408000 0.02875444428224648 0.027832275859533177 0.9999999987676884 
1 50 1000 1001 409000 0.029422626796424507 0.02771470888260609 0.9999999987646673 
1 50 1000 1001 410000 0.03014513784662857 0.028676505118544374 0.9999999987616487 
1 50 1000 1001 411000 0.028966349023379922 0.027944665401072526 0.9999999987586272 
1 50 1000 1001 412000 0.029689789210050468 0.0279920453499091 0.9999999987556077 
1 50 1000 1001 413000 0.028631715924002193 0.02871454726833203 0.9999999987525875 
1 50 1000 1001 414000 0.028369971200815764 0.0279958213084811 0.9999999987495681 
1 50 1000 1001 415000 0.028895059811079024 0.028602634053161706 0.9999999987465478 
1 50 1000 1001 416000 0.027820686429378887 0.028518257457977314 0.9999999987435272 
1 50 1000 1001 417000 0.02881918821092547 0.028341999777844393 0.9999999987405069 
1 50 1000 1001 418000 0.028767068539412414 0.028834586270357388 0.9999999987374862 
1 50 1000 1001 419000 0.028058330648229293 0.0271118839050841 0.9999999987344663 
1 50 1000 1001 420000 0.028829373934720046 0.02800627242622854 0.9999999987314466 
1 50 1000 1001 421000 0.028345324562747874 0.02760435045763492 0.9999999987284253 
1 50 1000 1001 422000 0.028841974693446158 0.027574804658660874 0.9999999987254045 
1 50 1000 1001 423000 0.027004358467045943 0.027702440931207977 0.9999999987223841 
1 50 1000 1001 424000 0.028626265408951877 0.028132256240481657 0.9999999987193645 
1 50 1000 1001 425000 0.028185638509806498 0.028727751882942524 0.9999999987163437 
1 50 1000 1001 426000 0.028181726168497002 0.028016118781585386 0.9999999987133233 
1 50 1000 1001 427000 0.029521463109910197 0.027326427126895786 0.9999999987103032 
1 50 1000 1001 428000 0.02822671299601537 0.027984186873351736 0.9999999987072828 
1 50 1000 1001 429000 0.02838591475951386 0.027803227087268234 0.9999999987042617 
1 50 1000 1001 430000 0.028656613816064703 0.027575844811673245 0.9999999987012433 
1 50 1000 1001 431000 0.028543285809866186 0.028185601262105616 0.9999999986982216 
1 50 1000 1001 432000 0.027698996930288544 0.0285367036472085 0.999999998695202 
1 50 1000 1001 433000 0.028365854099959686 0.027827978124661885 0.9999999986921818 
1 50 1000 1001 434000 0.02800349827315012 0.028533588557472813 0.999999998689161 
1 50 1000 1001 435000 0.027871822615978308 0.02808781063768379 0.9999999986861394 
1 50 1000 1001 436000 0.02912455731231095 0.02806199437167002 0.9999999986831205 
1 50 1000 1001 437000 0.029092979746429982 0.028526962244123953 0.9999999986801004 
1 50 1000 1001 438000 0.029460258688268636 0.027607546000380314 0.9999999986770804 
1 50 1000 1001 439000 0.028918002940644207 0.028159972018581017 0.9999999986740606 
1 50 1000 1001 440000 0.02893639420726638 0.027758758482559237 0.9999999986710391 
1 50 1000 1001 441000 0.027936033236779845 0.02849646985132752 0.999999998668019 
1 50 1000 1001 442000 0.028521966460854975 0.028411569044072233 0.9999999986649992 
1 50 1000 1001 443000 0.0279541184066927 0.02800002762390846 0.999999998661978 
1 50 1000 1001 444000 0.028847586317117375 0.02746160641772622 0.9999999986589566 
1 50 1000 1001 445000 0.029515693270185325 0.028132534907627328 0.9999999986559375 
1 50 1000 1001 446000 0.02946299277732136 0.028108986524773543 0.9999999986529172 
1 50 1000 1001 447000 0.028837402184176523 0.028349806339403982 0.9999999986498983 
1 50 1000 1001 448000 0.028867464611388807 0.0278938181548394 0.9999999986468766 
1 50 1000 1001 449000 0.027554310738804797 0.02834760160677472 0.9999999986438567 
1 50 1000 1001 450000 0.0282903273103877 0.027401201559081063 0.999999998640835 
1 50 1000 1001 451000 0.028211804070245143 0.02798664326312074 0.9999999986378163 
1 50 1000 1001 452000 0.028236960692019836 0.02767385432645454 0.9999999986347965 
1 50 1000 1001 453000 0.02875617412433931 0.027903563088742412 0.9999999986317757 
1 50 1000 1001 454000 0.02883320290268388 0.02828857674886346 0.9999999986287558 
1 50 1000 1001 455000 0.02906735682910983 0.028065626711598957 0.9999999986257363 
1 50 1000 1001 456000 0.029299189354093074 0.028729459299483628 0.9999999986227146 
1 50 1000 1001 457000 0.029436099564165888 0.028097371761299048 0.9999999986196947 
1 50 1000 1001 458000 0.028187925511413206 0.028921810001358548 0.9999999986166745 
1 50 1000 1001 459000 0.02842919308108826 0.027783082004835584 0.9999999986136541 
1 50 1000 1001 460000 0.027914898996603207 0.02701372470168242 0.9999999986106335 
1 50 1000 1001 461000 0.027527507478102054 0.028339765784067394 0.9999999986076114 
1 50 1000 1001 462000 0.028602991061706277 0.028185445485317626 0.9999999986045919 
1 50 1000 1001 463000 0.0272497312697367 0.027797300632479188 0.9999999986015726 
1 50 1000 1001 464000 0.028737777010858993 0.02771472657237642 0.9999999985985507 
1 50 1000 1001 465000 0.02850993195778937 0.027669086098898232 0.9999999985955315 
1 50 1000 1001 466000 0.028392071780581108 0.027643770910683638 0.9999999985925112 
1 50 1000 1001 467000 0.027064195898370315 0.02865738015645479 0.999999998589491 
1 50 1000 1001 468000 0.0283914276714766 0.028727106196654785 0.9999999985864703 
1 50 1000 1001 469000 0.02841697813584192 0.027769301329536946 0.9999999985834489 
1 50 1000 1001 470000 0.02881903025750015 0.02822425476212428 0.9999999985804299 
1 50 1000 1001 471000 0.02867581617658456 0.027593866184921562 0.9999999985774088 
1 50 1000 1001 472000 0.02796950518964974 0.027564320398759386 0.9999999985743883 
1 50 1000 1001 473000 0.028670654792434972 0.02845328317597885 0.9999999985713676 
1 50 1000 1001 474000 0.028471668649173262 0.02891712096206165 0.9999999985683455 
1 50 1000 1001 475000 0.028275860295056784 0.0277980656588289 0.9999999985653265 
1 50 1000 1001 476000 0.02875216137238428 0.028939583578120202 0.9999999985623076 
1 50 1000 1001 477000 0.028191129943957106 0.028695742354628805 0.9999999985592853 
1 50 1000 1001 478000 0.027987707270005407 0.028479630820960913 0.9999999985562649 
1 50 1000 1001 479000 0.028721109204368316 0.027725927383363925 0.9999999985532455 
1 50 1000 1001 480000 0.028831773433104616 0.02817023757432182 0.999999998550225 
1 50 1000 1001 481000 0.028675350379263866 0.027781500037328107 0.9999999985472042 
1 50 1000 1001 482000 0.027919381509281735 0.027782073200952457 0.9999999985441826 
1 50 1000 1001 483000 0.028511279043206324 0.02885697797347567 0.9999999985411612 
1 50 1000 1001 484000 0.02857635904725896 0.028484591834973892 0.9999999985381415 
1 50 1000 1001 485000 0.028934532333871246 0.028420917718450067 0.9999999985351229 
1 50 1000 1001 486000 0.027519307512047383 0.028327522942052482 0.9999999985321018 
1 50 1000 1001 487000 0.02696713234120086 0.028655695656606237 0.9999999985290813 
1 50 1000 1001 488000 0.02766928804815972 0.027270114747232767 0.9999999985260597 
1 50 1000 1001 489000 0.028864178329810877 0.027734808412617808 0.9999999985230396 
1 50 1000 1001 490000 0.027530384585817486 0.027868290547288028 0.9999999985200206 
1 50 1000 1001 491000 0.02767004209532639 0.02705583497896887 0.9999999985170004 
1 50 1000 1001 492000 0.02752175694928886 0.02763362880632202 0.9999999985139797 
1 50 1000 1001 493000 0.02756207806016962 0.027694644757770448 0.9999999985109579 
1 50 1000 1001 494000 0.028859450905354946 0.028378115599704812 0.999999998507937 
1 50 1000 1001 495000 0.02900203722476392 0.028330478389072378 0.9999999985049149 
1 50 1000 1001 496000 0.02735682698417943 0.02816750269482391 0.9999999985018966 
1 50 1000 1001 497000 0.02743890792085237 0.027335234281006232 0.9999999984988762 
1 50 1000 1001 498000 0.028018605329254456 0.027958820806292403 0.9999999984958552 
1 50 1000 1001 499000 0.028169848182977957 0.02782715529199481 0.9999999984928339 
1 50 1000 1001 500000 0.027401644549067242 0.027197738492926962 0.9999999984898152 
1 50 1000 1001 501000 0.027861900217625427 0.02806120233797624 0.9999999984867943 
1 50 1000 1001 502000 0.02777060736252033 0.02866805933214675 0.9999999984837751 
1 50 1000 1001 503000 0.02752793674177268 0.02802618069970366 0.9999999984807525 
1 50 1000 1001 504000 0.028310214835486316 0.02815811475573488 0.9999999984777318 
1 50 1000 1001 505000 0.027471748711379123 0.02819790410273488 0.9999999984747114 
1 50 1000 1001 506000 0.02765442718029721 0.02818337833957325 0.9999999984716911 
1 50 1000 1001 507000 0.028165929219207374 0.028642878005945158 0.9999999984686712 
1 50 1000 1001 508000 0.028210453201150395 0.028228416243746765 0.9999999984656519 
1 50 1000 1001 509000 0.027775688970071447 0.028035008607785877 0.9999999984626314 
1 50 1000 1001 510000 0.02755713958119612 0.02825020855018965 0.9999999984596106 
1 50 1000 1001 511000 0.02915761522603588 0.027820716138930997 0.99999999845659 
1 50 1000 1001 512000 0.029172212438142043 0.027599926131012715 0.9999999984535705 
1 50 1000 1001 513000 0.027455553792648905 0.028290223866144507 0.9999999984505494 
1 50 1000 1001 514000 0.027226709893846963 0.02754337057868529 0.9999999984475296 
1 50 1000 1001 515000 0.02827944966713495 0.02818374835895959 0.999999998444509 
1 50 1000 1001 516000 0.02818705825607555 0.027958386029097813 0.9999999984414892 
1 50 1000 1001 517000 0.028139020139460836 0.028163229868262574 0.9999999984384692 
1 50 1000 1001 518000 0.02659192502957567 0.02726411376497491 0.9999999984354497 
1 50 1000 1001 519000 0.026149410068664405 0.02878655373713848 0.999999998432428 
1 50 1000 1001 520000 0.02789540249197549 0.027604292961274847 0.9999999984294076 
1 50 1000 1001 521000 0.02787050444918697 0.027697503648540275 0.9999999984263873 
1 50 1000 1001 522000 0.028588657122805998 0.028346006850568015 0.9999999984233664 
1 50 1000 1001 523000 0.026326690818529792 0.028105026060785816 0.9999999984203469 
1 50 1000 1001 524000 0.02747621980576632 0.02773561303561645 0.9999999984173239 
1 50 1000 1001 525000 0.027106241609746538 0.02725149845134517 0.9999999984143042 
1 50 1000 1001 526000 0.028036330801284006 0.027380434697368856 0.9999999984112848 
1 50 1000 1001 527000 0.027562959730513165 0.027434059113636975 0.9999999984082648 
1 50 1000 1001 528000 0.026507036131233373 0.027316628433111462 0.9999999984052438 
1 50 1000 1001 529000 0.02715656078805079 0.028599996748668473 0.9999999984022228 
1 50 1000 1001 530000 0.027789709750159045 0.028068308548368573 0.9999999983992036 
1 50 1000 1001 531000 0.0281634630132867 0.028018298192192464 0.999999998396183 
1 50 1000 1001 532000 0.027728615485529327 0.02787641805247198 0.9999999983931642 
1 50 1000 1001 533000 0.027107015283650848 0.028384613189284126 0.9999999983901428 
1 50 1000 1001 534000 0.027747020446025533 0.027292940530399202 0.9999999983871215 
1 50 1000 1001 535000 0.028288455684241674 0.027371108038331354 0.9999999983841018 
1 50 1000 1001 536000 0.028930211140925335 0.028065736615208517 0.9999999983810814 
1 50 1000 1001 537000 0.027919500765150214 0.02738993621949314 0.9999999983780593 
1 50 1000 1001 538000 0.027974339549354077 0.02795187633957317 0.9999999983750395 
1 50 1000 1001 539000 0.029097497274447926 0.027326752515905484 0.9999999983720194 
1 50 1000 1001 540000 0.02831892427803217 0.028912406623309697 0.9999999983689996 
1 50 1000 1001 541000 0.028157071396264766 0.028413768803243786 0.9999999983659776 
1 50 1000 1001 542000 0.027832704578300532 0.028152303738626393 0.9999999983629568 
1 50 1000 1001 543000 0.028095600161292967 0.028347718459277367 0.9999999983599389 
1 50 1000 1001 544000 0.028431549183988093 0.027689284079160246 0.9999999983569181 
1 50 1000 1001 545000 0.02892505513785618 0.028224862461713542 0.9999999983538985 
1 50 1000 1001 546000 0.02840760550703285 0.02770704968635269 0.9999999983508767 
1 50 1000 1001 547000 0.02789579094758071 0.029021917929567806 0.9999999983478571 
1 50 1000 1001 548000 0.02721272651803185 0.027690486417692978 0.9999999983448358 
1 50 1000 1001 549000 0.02759133703349226 0.02838780746976313 0.9999999983418171 
1 50 1000 1001 550000 0.028746890957838365 0.028009360693563225 0.9999999983387962 
1 50 1000 1001 551000 0.028164955700378632 0.027964571481987815 0.9999999983357761 
1 50 1000 1001 552000 0.02895423444520241 0.028624982415348124 0.9999999983327568 
1 50 1000 1001 553000 0.027756553648389325 0.02756882186815831 0.9999999983297345 
1 50 1000 1001 554000 0.028581432255944304 0.027250707012585404 0.9999999983267163 
1 50 1000 1001 555000 0.028223751055389552 0.028208285915375948 0.9999999983236948 
1 50 1000 1001 556000 0.028999084101424818 0.02752143647791948 0.9999999983206753 
1 50 1000 1001 557000 0.028024987874737253 0.027795368744645246 0.9999999983176553 
1 50 1000 1001 558000 0.02897877868407193 0.028467117349939845 0.9999999983146336 
1 50 1000 1001 559000 0.028404045749552093 0.02782544223138037 0.9999999983116125 
1 50 1000 1001 560000 0.028884507572622713 0.028086268344882277 0.999999998308594 
1 50 1000 1001 561000 0.028180226491553044 0.02871962340103804 0.9999999983055734 
1 50 1000 1001 562000 0.029493559078766024 0.028219811678185033 0.9999999983025532 
1 50 1000 1001 563000 0.028787872854817244 0.027916782090328513 0.999999998299533 
1 50 1000 1001 564000 0.028380537783002886 0.027693470234205184 0.9999999982965126 
1 50 1000 1001 565000 0.02853757648366803 0.028037179740250044 0.9999999982934925 
1 50 1000 1001 566000 0.028662782403938634 0.028531435457046075 0.999999998290472 
1 50 1000 1001 567000 0.02814171201203651 0.028730548263113657 0.999999998287453 
1 50 1000 1001 568000 0.027933789292546182 0.027359407288176686 0.9999999982844308 
1 50 1000 1001 569000 0.028070233951374056 0.027985805771583914 0.9999999982814115 
1 50 1000 1001 570000 0.028948467879711 0.0275199400951822 0.9999999982783917 
1 50 1000 1001 571000 0.028729537166319187 0.027960120195186376 0.9999999982753704 
1 50 1000 1001 572000 0.029170340664890073 0.028134916096668024 0.9999999982723513 
1 50 1000 1001 573000 0.028069534085886878 0.028593695720523258 0.9999999982693311 
1 50 1000 1001 574000 0.028435687638726143 0.027946543047039158 0.9999999982663088 
1 50 1000 1001 575000 0.027674341373190352 0.027504333218172472 0.9999999982632899 
1 50 1000 1001 576000 0.02878178894865909 0.027869298704077537 0.9999999982602698 
1 50 1000 1001 577000 0.029016494974041192 0.02791251516268043 0.9999999982572494 
1 50 1000 1001 578000 0.029081450178505126 0.027616662716611045 0.9999999982542275 
1 50 1000 1001 579000 0.029424900207599674 0.027800377805624107 0.9999999982512073 
1 50 1000 1001 580000 0.029155693601478468 0.02787256486923089 0.9999999982481865 
1 50 1000 1001 581000 0.029197633538322245 0.02770366648060495 0.9999999982451664 
1 50 1000 1001 582000 0.029393385753753817 0.028680441003367602 0.9999999982421468 
1 50 1000 1001 583000 0.029136792436769195 0.027632595267327448 0.9999999982391251 
1 50 1000 1001 584000 0.02946303096076025 0.02805086092043503 0.9999999982361047 
1 50 1000 1001 585000 0.028527576168404806 0.028178410960418187 0.9999999982330853 
1 50 1000 1001 586000 0.029181908641757875 0.027726395140478394 0.999999998230064 
1 50 1000 1001 587000 0.027855372915283835 0.02739339553840598 0.9999999982270442 
1 50 1000 1001 588000 0.02849507306793739 0.026955279411910518 0.9999999982240251 
1 50 1000 1001 589000 0.027268755424753124 0.02757487690272947 0.9999999982210038 
1 50 1000 1001 590000 0.02850387583303918 0.02810393054232012 0.9999999982179834 
1 50 1000 1001 591000 0.02894754391914743 0.02827694283552845 0.9999999982149641 
1 50 1000 1001 592000 0.02862832343694391 0.02793989446807831 0.9999999982119429 
1 50 1000 1001 593000 0.02942652215379551 0.028108210985152475 0.9999999982089232 
1 50 1000 1001 594000 0.028525180800679614 0.027860887235007768 0.9999999982059034 
1 50 1000 1001 595000 0.02881785751419648 0.02858544704684805 0.999999998202881 
1 50 1000 1001 596000 0.028501294711055107 0.028104299251821063 0.9999999981998615 
1 50 1000 1001 597000 0.02783555193624293 0.02775320507902602 0.9999999981968406 
1 50 1000 1001 598000 0.02828518046191603 0.028855763960059625 0.9999999981938215 
1 50 1000 1001 599000 0.028889232239054357 0.02764596058267467 0.999999998190799 
1 50 1000 1001 600000 0.028967726322921352 0.029238401871183692 0.9999999981877804 
1 50 1000 1001 601000 0.028884496559867155 0.02826526482722312 0.999999998184757 
1 50 1000 1001 602000 0.028957598076950884 0.028672696563916484 0.999999998181739 
1 50 1000 1001 603000 0.029106650612764927 0.027642002420216798 0.9999999981787179 
1 50 1000 1001 604000 0.028490086548128922 0.028214595544120747 0.9999999981756975 
1 50 1000 1001 605000 0.028715017805115935 0.028277474397795547 0.9999999981726764 
1 50 1000 1001 606000 0.02888393397003115 0.0281046196958317 0.9999999981696576 
1 50 1000 1001 607000 0.029493053008157112 0.027904484893760684 0.9999999981666371 
1 50 1000 1001 608000 0.0294927513245504 0.028171880540971226 0.9999999981636152 
1 50 1000 1001 609000 0.029387582071927765 0.02782730694091849 0.9999999981605974 
1 50 1000 1001 610000 0.02947340522212988 0.028629586336900183 0.9999999981575756 
1 50 1000 1001 611000 0.030042291806177106 0.02744371131058676 0.9999999981545556 
1 50 1000 1001 612000 0.029994667527188542 0.027630400148613184 0.9999999981515347 
1 50 1000 1001 613000 0.0298862525752634 0.027610877046362906 0.9999999981485145 
1 50 1000 1001 614000 0.028802234198088413 0.02751473896361247 0.9999999981454939 
1 50 1000 1001 615000 0.02858943490059795 0.028887360223773847 0.9999999981424728 
1 50 1000 1001 616000 0.029953268749328583 0.02846305858440082 0.9999999981394548 
1 50 1000 1001 617000 0.02927512143034916 0.027273709353492662 0.9999999981364341 
1 50 1000 1001 618000 0.028925935061018978 0.027887535761706023 0.9999999981334141 
1 50 1000 1001 619000 0.029432476679660022 0.02789790565449566 0.9999999981303925 
1 50 1000 1001 620000 0.02967592597277585 0.02801310362244144 0.9999999981273723 
1 50 1000 1001 621000 0.029414614473647994 0.028493644436931448 0.9999999981243521 
1 50 1000 1001 622000 0.029461705115341397 0.028242065594098337 0.999999998121332 
1 50 1000 1001 623000 0.029630863400358573 0.028480875890325368 0.9999999981183113 
1 50 1000 1001 624000 0.02935161818339279 0.027984270978053782 0.9999999981152916 
1 50 1000 1001 625000 0.029512789429883737 0.02850737248352173 0.9999999981122705 
1 50 1000 1001 626000 0.029629589062850695 0.027643939424568713 0.9999999981092508 
1 50 1000 1001 627000 0.030327033427780724 0.02804422125660905 0.9999999981062321 
1 50 1000 1001 628000 0.028919178067472476 0.028432038627002436 0.9999999981032102 
1 50 1000 1001 629000 0.02802596088194775 0.028056244427964 0.9999999981001889 
1 50 1000 1001 630000 0.029309540209698066 0.027414162503289825 0.9999999980971701 
1 50 1000 1001 631000 0.02854039044741931 0.027242686921816802 0.9999999980941484 
1 50 1000 1001 632000 0.028946247130634643 0.02839670580304837 0.9999999980911292 
1 50 1000 1001 633000 0.02989788140041158 0.028680604391297448 0.9999999980881077 
1 50 1000 1001 634000 0.028982611183787737 0.027802121427615113 0.9999999980850872 
1 50 1000 1001 635000 0.028876301607921335 0.02839352673373225 0.999999998082068 
1 50 1000 1001 636000 0.029510620685142253 0.028239231572374613 0.9999999980790486 
1 50 1000 1001 637000 0.0297756060755778 0.02762849913477925 0.9999999980760282 
1 50 1000 1001 638000 0.0292728878385168 0.028614867845229028 0.9999999980730085 
1 50 1000 1001 639000 0.02928763442128982 0.02825211146388746 0.9999999980699866 
1 50 1000 1001 640000 0.029376096835456042 0.02746217060632058 0.9999999980669657 
1 50 1000 1001 641000 0.02889456812745537 0.028527853697132628 0.9999999980639471 
1 50 1000 1001 642000 0.029674672965879795 0.02802083596520663 0.9999999980609272 
1 50 1000 1001 643000 0.029291362409161394 0.027954262464988732 0.9999999980579063 
1 50 1000 1001 644000 0.028942724506410493 0.028191821925595224 0.9999999980548852 
1 50 1000 1001 645000 0.02925661756604895 0.02791172147648912 0.9999999980518667 
1 50 1000 1001 646000 0.0301436425542694 0.02766375722621974 0.9999999980488455 
1 50 1000 1001 647000 0.029354249101230172 0.027243096730611312 0.9999999980458242 
1 50 1000 1001 648000 0.02826516933357554 0.02830602854457221 0.9999999980428047 
1 50 1000 1001 649000 0.029409635836573828 0.027379847196459646 0.9999999980397862 
1 50 1000 1001 650000 0.0291145821319445 0.027812035224868754 0.9999999980367631 
1 50 1000 1001 651000 0.028611693522532046 0.028416028590991967 0.9999999980337432 
1 50 1000 1001 652000 0.029637581241296274 0.028055979329911135 0.9999999980307231 
1 50 1000 1001 653000 0.029537261544787207 0.028385057758830188 0.9999999980277021 
1 50 1000 1001 654000 0.028068757433552242 0.027329114964010543 0.9999999980246822 
1 50 1000 1001 655000 0.028523915922522753 0.02766249500967023 0.9999999980216622 
1 50 1000 1001 656000 0.029305872887835035 0.027867399318010633 0.9999999980186423 
1 50 1000 1001 657000 0.029292013312767064 0.028375057103126766 0.9999999980156199 
1 50 1000 1001 658000 0.02919001523251509 0.027932931308433096 0.9999999980126008 
1 50 1000 1001 659000 0.027854296886030406 0.026966512582245004 0.99999999800958 
1 50 1000 1001 660000 0.028682037913831917 0.02803570850554302 0.9999999980065577 
1 50 1000 1001 661000 0.029189863992181337 0.0278456842852623 0.9999999980035394 
1 50 1000 1001 662000 0.02913276636038015 0.02733912768924334 0.9999999980005181 
1 50 1000 1001 663000 0.028466749411879988 0.027240706936260833 0.999999997997498 
1 50 1000 1001 664000 0.028484097207776546 0.027939999545322277 0.9999999979944789 
1 50 1000 1001 665000 0.028040554245079046 0.02840040278782009 0.9999999979914571 
1 50 1000 1001 666000 0.029645506681577314 0.028665716079553902 0.9999999979884361 
1 50 1000 1001 667000 0.029205841752018423 0.028786734206261787 0.9999999979854162 
1 50 1000 1001 668000 0.029239868632002553 0.028298883504162833 0.9999999979823971 
1 50 1000 1001 669000 0.028761041200200673 0.02775279776598558 0.9999999979793766 
1 50 1000 1001 670000 0.02908794061467883 0.02795082986659675 0.9999999979763561 
1 50 1000 1001 671000 0.029541300266719587 0.027088750160704105 0.9999999979733368 
1 50 1000 1001 672000 0.029729265732384085 0.028438875963649808 0.9999999979703155 
1 50 1000 1001 673000 0.02921364342028516 0.028542558926924165 0.999999997967295 
1 50 1000 1001 674000 0.028177480344785094 0.027785819530854537 0.9999999979642767 
1 50 1000 1001 675000 0.02733410444901243 0.028278953377845726 0.9999999979612537 
1 50 1000 1001 676000 0.029249639953470772 0.027742423451287232 0.9999999979582327 
1 50 1000 1001 677000 0.029577180229037322 0.02768017714849077 0.9999999979552129 
1 50 1000 1001 678000 0.029467898777646585 0.028135622494661137 0.999999997952192 
1 50 1000 1001 679000 0.028509296923008787 0.027871510643137993 0.9999999979491712 
1 50 1000 1001 680000 0.028645538886787423 0.027835926557946682 0.9999999979461511 
1 50 1000 1001 681000 0.029943843422152137 0.027718327160011172 0.9999999979431302 
1 50 1000 1001 682000 0.029740815584086356 0.02812050765983841 0.9999999979401106 
1 50 1000 1001 683000 0.029159167052397458 0.02845728538706197 0.9999999979370896 
1 50 1000 1001 684000 0.029527094603241558 0.027922758341260467 0.999999997934071 
1 50 1000 1001 685000 0.02855524281268644 0.02791780990179979 0.9999999979310504 
1 50 1000 1001 686000 0.029383031889777776 0.02787335379156304 0.9999999979280288 
1 50 1000 1001 687000 0.028745527924953558 0.027213496381450313 0.9999999979250078 
1 50 1000 1001 688000 0.02889552083817623 0.02771697371999536 0.9999999979219895 
1 50 1000 1001 689000 0.029665694441920163 0.028308603065452784 0.9999999979189669 
1 50 1000 1001 690000 0.02922063165957406 0.0278150854057542 0.9999999979159465 
1 50 1000 1001 691000 0.02962247442392568 0.028529222264750815 0.9999999979129255 
1 50 1000 1001 692000 0.02915179307764719 0.028415701231406788 0.9999999979099077 
1 50 1000 1001 693000 0.0294124571573394 0.028519845299827866 0.9999999979068851 
1 50 1000 1001 694000 0.029713511169056482 0.02803464808081491 0.9999999979038664 
1 50 1000 1001 695000 0.030045053297305103 0.027897044974371645 0.9999999979008439 
1 50 1000 1001 696000 0.029592364379532887 0.027411322464066752 0.9999999978978262 
1 50 1000 1001 697000 0.028693456416344944 0.02766185811557344 0.9999999978948053 
1 50 1000 1001 698000 0.029340428908970144 0.028017576129835898 0.999999997891785 
1 50 1000 1001 699000 0.02965128098861243 0.028325259238441824 0.9999999978887641 
1 50 1000 1001 700000 0.02945180923507914 0.028115401964022083 0.9999999978857459 
1 50 1000 1001 701000 0.029823733541682336 0.028464262773636305 0.999999997882725 
1 50 1000 1001 702000 0.029396854315545947 0.028166160757028783 0.9999999978797052 
1 50 1000 1001 703000 0.029136517581062983 0.027154184844259126 0.9999999978766837 
1 50 1000 1001 704000 0.029633812279188543 0.02849323394221335 0.9999999978736628 
1 50 1000 1001 705000 0.028104950438209937 0.027833425243562145 0.9999999978706426 
1 50 1000 1001 706000 0.02708773687947649 0.02735907217311865 0.9999999978676231 
1 50 1000 1001 707000 0.029430905274707247 0.02834603236223548 0.9999999978646019 
1 50 1000 1001 708000 0.028429514068363845 0.02776199796532515 0.9999999978615822 
1 50 1000 1001 709000 0.028597586952604018 0.027808164324665083 0.99999999785856 
1 50 1000 1001 710000 0.028614089161654113 0.027786963303200598 0.9999999978555392 
1 50 1000 1001 711000 0.02864223122139055 0.02824848246908842 0.9999999978525194 
1 50 1000 1001 712000 0.028826172636758723 0.028311670825363112 0.9999999978495004 
1 50 1000 1001 713000 0.029127356344665775 0.027726104929320542 0.9999999978464782 
1 50 1000 1001 714000 0.028717341922113483 0.028976390471769118 0.999999997843458 
1 50 1000 1001 715000 0.02882700304911092 0.027963581377588545 0.9999999978404395 
1 50 1000 1001 716000 0.02864888858179105 0.028378053916234536 0.9999999978374173 
1 50 1000 1001 717000 0.029079005050398975 0.027341635943470777 0.9999999978343973 
1 50 1000 1001 718000 0.029251272517199247 0.02791798845390691 0.9999999978313775 
1 50 1000 1001 719000 0.028923420357360393 0.027312573637905447 0.9999999978283559 
1 50 1000 1001 720000 0.02848848154600855 0.02821397008225232 0.999999997825336 
1 50 1000 1001 721000 0.02984046011934926 0.027800006208742997 0.9999999978223146 
1 50 1000 1001 722000 0.02911046725072524 0.02839070109537695 0.9999999978192952 
1 50 1000 1001 723000 0.0287642570057427 0.02766980532735036 0.9999999978162757 
1 50 1000 1001 724000 0.029623137598454703 0.02803205380860268 0.9999999978132539 
1 50 1000 1001 725000 0.02922995255929127 0.027704676815688764 0.9999999978102346 
1 50 1000 1001 726000 0.029613698611942012 0.027833612475006448 0.9999999978072145 
1 50 1000 1001 727000 0.028979562395171257 0.02694588201909513 0.9999999978041925 
1 50 1000 1001 728000 0.029699911647819956 0.02723885813463205 0.9999999978011708 
1 50 1000 1001 729000 0.02924676381835998 0.02818611999451056 0.9999999977981523 
1 50 1000 1001 730000 0.028709546746084526 0.028275205080426007 0.9999999977951319 
1 50 1000 1001 731000 0.029440316964960814 0.027550471860046256 0.9999999977921111 
1 50 1000 1001 732000 0.0284277912416238 0.02790219973332173 0.9999999977890914 
1 50 1000 1001 733000 0.02971440159314391 0.027369094786321525 0.9999999977860702 
1 50 1000 1001 734000 0.02907084875220635 0.027681445096840236 0.9999999977830495 
1 50 1000 1001 735000 0.028849320298222264 0.026737404478468948 0.9999999977800309 
1 50 1000 1001 736000 0.029410137242128525 0.028493141598391468 0.9999999977770094 
1 50 1000 1001 737000 0.029203556157089416 0.02729633434008014 0.9999999977739893 
1 50 1000 1001 738000 0.029966569871194643 0.02775456428142544 0.9999999977709685 
1 50 1000 1001 739000 0.029279313125242866 0.028410344754543987 0.9999999977679471 
1 50 1000 1001 740000 0.02944101477647368 0.027964249236081193 0.9999999977649262 
1 50 1000 1001 741000 0.02949966474845847 0.028448686515595515 0.9999999977619056 
1 50 1000 1001 742000 0.029573516606066372 0.02866411838064505 0.9999999977588871 
1 50 1000 1001 743000 0.029427370567296416 0.028004133159097652 0.9999999977558656 
1 50 1000 1001 744000 0.02919386509852422 0.028038896930128218 0.9999999977528449 
1 50 1000 1001 745000 0.028706005080854188 0.02730970377015484 0.9999999977498257 
1 50 1000 1001 746000 0.02943328013375726 0.02662487076815319 0.9999999977468037 
1 50 1000 1001 747000 0.030307179765916452 0.027164002344155926 0.9999999977437848 
1 50 1000 1001 748000 0.029261255341138992 0.027988973855732187 0.9999999977407649 
1 50 1000 1001 749000 0.029255345923144466 0.028598750808641122 0.9999999977377434 
1 50 1000 1001 750000 0.02974641305644043 0.027960429872332333 0.9999999977347221 
1 50 1000 1001 751000 0.02939548784171466 0.02820099537856146 0.9999999977317041 
1 50 1000 1001 752000 0.029179715033625805 0.028062653352433468 0.999999997728682 
1 50 1000 1001 753000 0.028200643890356536 0.028310387329824927 0.9999999977256603 
1 50 1000 1001 754000 0.02892725801337775 0.02752360447262647 0.99999999772264 
1 50 1000 1001 755000 0.029483771607530476 0.028451210169415934 0.999999997719619 
1 50 1000 1001 756000 0.029023947523623368 0.02735132573092466 0.9999999977165983 
1 50 1000 1001 757000 0.030118966370502518 0.028077436729705686 0.9999999977135784 
1 50 1000 1001 758000 0.029809176498255267 0.02826983686972208 0.9999999977105566 
1 50 1000 1001 759000 0.029118000850518286 0.02721519792549769 0.9999999977075392 
1 50 1000 1001 760000 0.030161577753926073 0.028321841677072444 0.999999997704518 
1 50 1000 1001 761000 0.029264550403256644 0.028330442711074502 0.999999997701497 
1 50 1000 1001 762000 0.02990551438746328 0.0273391351748666 0.9999999976984763 
1 50 1000 1001 763000 0.029095299301502824 0.027532357852557168 0.9999999976954578 
1 50 1000 1001 764000 0.029532562245897533 0.028555384882785976 0.9999999976924369 
1 50 1000 1001 765000 0.029740155762866507 0.027915977976078983 0.9999999976894166 
1 50 1000 1001 766000 0.029011732922708075 0.0284943963578907 0.9999999976863946 
1 50 1000 1001 767000 0.02972874761499343 0.027728932762732503 0.999999997683375 
1 50 1000 1001 768000 0.029495157533521187 0.027914516487985642 0.9999999976803554 
1 50 1000 1001 769000 0.029334430029845534 0.027279717790429436 0.9999999976773356 
1 50 1000 1001 770000 0.028338210150684034 0.02865041799367782 0.9999999976743142 
1 50 1000 1001 771000 0.0295325009739784 0.028303675030609998 0.9999999976712938 
1 50 1000 1001 772000 0.029748308399806522 0.02742552751777429 0.9999999976682736 
1 50 1000 1001 773000 0.02942819728755802 0.028144920875548717 0.9999999976652528 
1 50 1000 1001 774000 0.029554476045851465 0.027597723630986393 0.999999997662232 
1 50 1000 1001 775000 0.030027192602815472 0.028997988214214336 0.9999999976592132 
1 50 1000 1001 776000 0.029939351678684306 0.027560007308664144 0.9999999976561916 
1 50 1000 1001 777000 0.030384656857532995 0.027461863998465896 0.9999999976531716 
1 50 1000 1001 778000 0.030213254520425465 0.028144440621765507 0.9999999976501511 
1 50 1000 1001 779000 0.02900114438290661 0.02739490033465468 0.9999999976471302 
1 50 1000 1001 780000 0.02971306230506071 0.02755375678776944 0.9999999976441097 
1 50 1000 1001 781000 0.02932558698895415 0.027701302380273404 0.9999999976410904 
1 50 1000 1001 782000 0.029864504886271234 0.02863564033527051 0.9999999976380681 
1 50 1000 1001 783000 0.03062087829209697 0.028082128003205833 0.9999999976350492 
1 50 1000 1001 784000 0.030004958952104775 0.02809578044825698 0.9999999976320277 
1 50 1000 1001 785000 0.030103404860119094 0.027632851300147424 0.9999999976290082 
1 50 1000 1001 786000 0.030200132839359156 0.027666810985197177 0.9999999976259885 
1 50 1000 1001 787000 0.02928165738152735 0.02822866075314413 0.9999999976229674 
1 50 1000 1001 788000 0.028101356908282443 0.027933301421895547 0.9999999976199465 
1 50 1000 1001 789000 0.030080601323709703 0.027614116791587283 0.9999999976169263 
1 50 1000 1001 790000 0.02881969363219947 0.02786918258999628 0.9999999976139052 
1 50 1000 1001 791000 0.031318951647738937 0.0281518264803158 0.9999999976108853 
1 50 1000 1001 792000 0.02958080257978429 0.028165481117701646 0.9999999976078644 
1 50 1000 1001 793000 0.029911416307886282 0.027391846490598212 0.9999999976048456 
1 50 1000 1001 794000 0.03036948649393966 0.027886753850441613 0.9999999976018243 
1 50 1000 1001 795000 0.03128289452104716 0.027965655239968017 0.9999999975988039 
1 50 1000 1001 796000 0.030934029986345243 0.027785643208180322 0.9999999975957832 
1 50 1000 1001 797000 0.030546076442829778 0.02803729657961567 0.999999997592764 
1 50 1000 1001 798000 0.030294045120578844 0.028637836463028962 0.9999999975897429 
1 50 1000 1001 799000 0.030333454052589706 0.027733489380533 0.999999997586722 
1 50 1000 1001 800000 0.030512054647639824 0.02853537039207794 0.9999999975837008 
1 50 1000 1001 801000 0.03053313300487915 0.028868307927623564 0.999999997580681 
1 50 1000 1001 802000 0.03128642680109661 0.028632478998314413 0.9999999975776588 
1 50 1000 1001 803000 0.030644561950840955 0.02824217501092733 0.9999999975746414 
1 50 1000 1001 804000 0.03037753544529983 0.026943764926423558 0.9999999975716201 
1 50 1000 1001 805000 0.030026659173111498 0.028179111327690184 0.9999999975685988 
1 50 1000 1001 806000 0.030505419827202177 0.028173105697317662 0.999999997565578 
1 50 1000 1001 807000 0.031183504538370512 0.028050595575573326 0.9999999975625586 
1 50 1000 1001 808000 0.030999392483682935 0.02774561726850255 0.9999999975595378 
1 50 1000 1001 809000 0.03010786027139864 0.027591743196204752 0.9999999975565178 
1 50 1000 1001 810000 0.030691913200182223 0.028578909975254068 0.999999997553497 
1 50 1000 1001 811000 0.03023153115305353 0.028321960239228942 0.9999999975504765 
1 50 1000 1001 812000 0.030473511169448513 0.027705160279075998 0.999999997547458 
1 50 1000 1001 813000 0.03134735139234184 0.028965937013522413 0.9999999975444379 
1 50 1000 1001 814000 0.03091525240030338 0.028931930545989675 0.9999999975414164 
1 50 1000 1001 815000 0.03164959100532748 0.027626710206533473 0.9999999975383974 
1 50 1000 1001 816000 0.030340834509658198 0.02717881771843686 0.9999999975353765 
1 50 1000 1001 817000 0.03133645408759672 0.02816470565543435 0.9999999975323546 
1 50 1000 1001 818000 0.03057736745811388 0.027820602877298473 0.9999999975293359 
1 50 1000 1001 819000 0.03137576908028403 0.027998028986323465 0.9999999975263134 
1 50 1000 1001 820000 0.030634183163976644 0.028371701880304606 0.9999999975232955 
1 50 1000 1001 821000 0.031462879339257024 0.027295136833319925 0.9999999975202732 
1 50 1000 1001 822000 0.03124014649677483 0.027927881317152518 0.9999999975172535 
1 50 1000 1001 823000 0.030719584439174785 0.02857291074842757 0.9999999975142317 
1 50 1000 1001 824000 0.03023235043147622 0.028100485837957528 0.999999997511213 
1 50 1000 1001 825000 0.030454648592276187 0.0275303248928572 0.9999999975081912 
1 50 1000 1001 826000 0.030580769349504166 0.02803545047903464 0.9999999975051712 
1 50 1000 1001 827000 0.03022216509792846 0.02782677985994301 0.99999999750215 
1 50 1000 1001 828000 0.03085281046716616 0.028610285131532007 0.9999999974991299 
1 50 1000 1001 829000 0.031342256796967706 0.02752829885796209 0.9999999974961125 
1 50 1000 1001 830000 0.031261943368499814 0.027690350506448667 0.9999999974930919 
1 50 1000 1001 831000 0.03139360834445635 0.028289400986714886 0.9999999974900723 
1 50 1000 1001 832000 0.031088913962255504 0.027499972432734936 0.9999999974870512 
1 50 1000 1001 833000 0.03131150399151116 0.027428571826277268 0.9999999974840305 
1 50 1000 1001 834000 0.03182194617056048 0.028555276590989217 0.9999999974810106 
1 50 1000 1001 835000 0.031093006820711092 0.027853000412122436 0.9999999974779901 
1 50 1000 1001 836000 0.030034431704670624 0.027374767609308244 0.9999999974749703 
1 50 1000 1001 837000 0.030914028871159405 0.027363923888166563 0.9999999974719482 
1 50 1000 1001 838000 0.03042668670553264 0.02786365359379223 0.9999999974689288 
1 50 1000 1001 839000 0.03159206015108201 0.028529905613513974 0.9999999974659066 
1 50 1000 1001 840000 0.030456102686999713 0.028166045593517867 0.9999999974628879 
1 50 1000 1001 841000 0.03145423723836768 0.028712357795658706 0.9999999974598683 
1 50 1000 1001 842000 0.03133749060611266 0.028224249067939095 0.9999999974568484 
1 50 1000 1001 843000 0.031004023235547976 0.028032004481378776 0.9999999974538263 
1 50 1000 1001 844000 0.02897820554319636 0.02848065867654727 0.9999999974508081 
1 50 1000 1001 845000 0.030237137134282985 0.028731008868587538 0.9999999974477854 
1 50 1000 1001 846000 0.030811260253803905 0.028358558212433858 0.9999999974447649 
1 50 1000 1001 847000 0.03104695085091629 0.028214860927493493 0.9999999974417448 
1 50 1000 1001 848000 0.030861759949790412 0.027336030891328467 0.999999997438726 
1 50 1000 1001 849000 0.031766849511729846 0.02866866537943749 0.9999999974357064 
1 50 1000 1001 850000 0.031274738233189325 0.028126422124079037 0.9999999974326834 
1 50 1000 1001 851000 0.0297284855789776 0.02738439026110109 0.999999997429664 
1 50 1000 1001 852000 0.0304842817578857 0.027445044725810382 0.9999999974266444 
1 50 1000 1001 853000 0.031104806418937304 0.027924003106478894 0.9999999974236241 
1 50 1000 1001 854000 0.030811197065762172 0.02846305409498644 0.9999999974206044 
1 50 1000 1001 855000 0.030526965821449425 0.028370883852869854 0.9999999974175834 
1 50 1000 1001 856000 0.03135072170195016 0.027713220475711117 0.9999999974145639 
1 50 1000 1001 857000 0.031880011276010554 0.027587469398843493 0.9999999974115453 
1 50 1000 1001 858000 0.031555296935680106 0.027836561509054124 0.9999999974085233 
1 50 1000 1001 859000 0.031485622200091275 0.02841862906590485 0.9999999974055034 
1 50 1000 1001 860000 0.031057248955002604 0.02784905131529134 0.9999999974024829 
1 50 1000 1001 861000 0.031294727669313925 0.028344383682335078 0.9999999973994624 
1 50 1000 1001 862000 0.031189375881967497 0.027177651286545288 0.999999997396443 
1 50 1000 1001 863000 0.030879034198433727 0.028315452126511386 0.9999999973934219 
1 50 1000 1001 864000 0.032062768370252175 0.02825199904099263 0.9999999973904017 
1 50 1000 1001 865000 0.03230929743116682 0.02868261476929457 0.9999999973873819 
1 50 1000 1001 866000 0.0319700052493955 0.028339711362948307 0.999999997384361 
1 50 1000 1001 867000 0.03165430882662728 0.02739752511775064 0.9999999973813396 
1 50 1000 1001 868000 0.03138083617423827 0.0287009709427338 0.9999999973783186 
1 50 1000 1001 869000 0.032019488376043216 0.02726139880803768 0.9999999973752987 
1 50 1000 1001 870000 0.031078736230091383 0.027794007135647874 0.9999999973722786 
1 50 1000 1001 871000 0.031161757850291502 0.028814728395121458 0.9999999973692587 
1 50 1000 1001 872000 0.03208858041965737 0.02911166547756889 0.9999999973662387 
1 50 1000 1001 873000 0.030427506268505815 0.02727498981032193 0.9999999973632188 
1 50 1000 1001 874000 0.031709790333085616 0.02728789547148077 0.9999999973601973 
1 50 1000 1001 875000 0.03216414059716552 0.027416430916628248 0.9999999973571781 
1 50 1000 1001 876000 0.03155770675781165 0.028580876884088714 0.999999997354158 
1 50 1000 1001 877000 0.03208467263842943 0.027814796767573532 0.9999999973511385 
1 50 1000 1001 878000 0.0314685943518523 0.027343573045441834 0.9999999973481171 
1 50 1000 1001 879000 0.03149276385766288 0.028405762770313387 0.9999999973450958 
1 50 1000 1001 880000 0.030905283469346272 0.02833498701534527 0.9999999973420769 
1 50 1000 1001 881000 0.031346072356116764 0.028163622593880777 0.9999999973390574 
1 50 1000 1001 882000 0.03143293188205186 0.027150421939331877 0.9999999973360358 
1 50 1000 1001 883000 0.03192720130985038 0.029153406370455787 0.999999997333015 
1 50 1000 1001 884000 0.03119350109389418 0.028336455283655464 0.9999999973299943 
1 50 1000 1001 885000 0.031204836551718025 0.028060760357240734 0.9999999973269744 
1 50 1000 1001 886000 0.031330708418807175 0.028494067173251137 0.9999999973239536 
1 50 1000 1001 887000 0.03177485806569147 0.028155090886854146 0.9999999973209334 
1 50 1000 1001 888000 0.030863652338734945 0.028111074148781636 0.999999997317914 
1 50 1000 1001 889000 0.03200058597961171 0.028601731825149978 0.9999999973148942 
1 50 1000 1001 890000 0.030734097950241464 0.028602757094671433 0.9999999973118727 
1 50 1000 1001 891000 0.03139405550878166 0.028875322467365412 0.9999999973088533 
1 50 1000 1001 892000 0.03119846325459992 0.02787536809234596 0.9999999973058324 
1 50 1000 1001 893000 0.030810702396225655 0.028043198773155625 0.9999999973028108 
1 50 1000 1001 894000 0.031847036874841944 0.027329332515788486 0.9999999972997899 
1 50 1000 1001 895000 0.030594693142743438 0.02869466535436027 0.9999999972967704 
1 50 1000 1001 896000 0.0314448462010671 0.027884520799338904 0.9999999972937506 
1 50 1000 1001 897000 0.031593792056065384 0.027995580245012846 0.9999999972907302 
1 50 1000 1001 898000 0.031292678435464114 0.02799345626598694 0.9999999972877089 
1 50 1000 1001 899000 0.030683733136524945 0.028150313627327367 0.9999999972846868 
1 50 1000 1001 900000 0.03057485182618691 0.028503441812195128 0.9999999972816682 
1 50 1000 1001 901000 0.031567719889509065 0.028199558181816946 0.9999999972786475 
1 50 1000 1001 902000 0.03171842270534754 0.028105237307448152 0.9999999972756274 
1 50 1000 1001 903000 0.0323172805544895 0.02855159976036903 0.9999999972726077 
1 50 1000 1001 904000 0.0311333956168164 0.027656914823725568 0.9999999972695877 
1 50 1000 1001 905000 0.031725936110439716 0.02797039547850742 0.9999999972665676 
1 50 1000 1001 906000 0.030819070217649885 0.02849632677581003 0.9999999972635462 
1 50 1000 1001 907000 0.02988083951335954 0.026991433169143823 0.9999999972605269 
1 50 1000 1001 908000 0.029862162693778355 0.027220096689320267 0.9999999972575062 
1 50 1000 1001 909000 0.031080612393160522 0.027815074325887684 0.9999999972544864 
1 50 1000 1001 910000 0.03174633038778539 0.02814824322064321 0.9999999972514664 
1 50 1000 1001 911000 0.03177897961909576 0.027255235533024027 0.9999999972484445 
1 50 1000 1001 912000 0.030816805248439407 0.02849584267865252 0.9999999972454253 
1 50 1000 1001 913000 0.030788041681714652 0.026946251329684975 0.9999999972424034 
1 50 1000 1001 914000 0.0291466011803245 0.028021798014546264 0.9999999972393835 
1 50 1000 1001 915000 0.02884629514020929 0.02817123207339535 0.9999999972363632 
1 50 1000 1001 916000 0.029795901351275807 0.028002119697739702 0.9999999972333433 
1 50 1000 1001 917000 0.029110317369686448 0.027607127558899543 0.9999999972303225 
1 50 1000 1001 918000 0.029863605445043018 0.02824640966128043 0.9999999972273017 
1 50 1000 1001 919000 0.03082026575705506 0.02877323864673278 0.9999999972242795 
1 50 1000 1001 920000 0.03023663197737407 0.027803529627275357 0.9999999972212619 
1 50 1000 1001 921000 0.030101414070434842 0.027420424618861475 0.9999999972182398 
1 50 1000 1001 922000 0.029896614561139727 0.026721642987053252 0.9999999972152201 
1 50 1000 1001 923000 0.029730358257682252 0.026621790479439543 0.999999997212198 
1 50 1000 1001 924000 0.029162608949507018 0.02703031336492718 0.9999999972091793 
1 50 1000 1001 925000 0.029848755129963603 0.027987500413987645 0.99999999720616 
1 50 1000 1001 926000 0.029408903857807592 0.027351305209446994 0.9999999972031397 
1 50 1000 1001 927000 0.030121640196640407 0.027441242613426252 0.9999999972001197 
1 50 1000 1001 928000 0.03061398204958993 0.02823006092806649 0.9999999971970992 
1 50 1000 1001 929000 0.030498244718528897 0.02804091315326387 0.9999999971940793 
1 50 1000 1001 930000 0.030286860574531792 0.027707638799085877 0.9999999971910578 
1 50 1000 1001 931000 0.029935439949430837 0.027546094297575055 0.9999999971880382 
1 50 1000 1001 932000 0.029587805197095265 0.028989019748675966 0.9999999971850169 
1 50 1000 1001 933000 0.02935051303788342 0.028008829326786274 0.9999999971819957 
1 50 1000 1001 934000 0.029867405936040637 0.028736745720268346 0.9999999971789761 
1 50 1000 1001 935000 0.029570327667766624 0.027874057905663094 0.9999999971759562 
1 50 1000 1001 936000 0.030028631930983676 0.027758683694389434 0.9999999971729358 
1 50 1000 1001 937000 0.030018359010463996 0.028331328617581412 0.9999999971699164 
1 50 1000 1001 938000 0.03016892853641243 0.02742911531002384 0.9999999971668952 
1 50 1000 1001 939000 0.030796075552811896 0.028469125420660924 0.999999997163875 
1 50 1000 1001 940000 0.02965887517832662 0.028131472778968738 0.9999999971608552 
1 50 1000 1001 941000 0.031063714765483988 0.02879738457451518 0.999999997157835 
1 50 1000 1001 942000 0.02960294185769912 0.028365269395366946 0.9999999971548136 
1 50 1000 1001 943000 0.029819931265407097 0.027628653360553673 0.9999999971517926 
1 50 1000 1001 944000 0.030363853952376892 0.02844701497823055 0.9999999971487721 
1 50 1000 1001 945000 0.03089835118710128 0.02766723308461721 0.9999999971457527 
1 50 1000 1001 946000 0.03048724089962634 0.02810667825137038 0.9999999971427331 
1 50 1000 1001 947000 0.03042780831458161 0.02772542121481719 0.999999997139712 
1 50 1000 1001 948000 0.030577134169144583 0.028894631481762977 0.9999999971366934 
1 50 1000 1001 949000 0.029369330824679303 0.028320573518363236 0.9999999971336718 
1 50 1000 1001 950000 0.029144299678365265 0.028702906347338828 0.9999999971306511 
1 50 1000 1001 951000 0.028857420962727056 0.02767729663841628 0.9999999971276318 
1 50 1000 1001 952000 0.028950323788503953 0.02765499532756712 0.9999999971246084 
1 50 1000 1001 953000 0.03008412551639183 0.02830069945607637 0.9999999971215914 
1 50 1000 1001 954000 0.02996247075993971 0.027175502695865158 0.999999997118572 
1 50 1000 1001 955000 0.030036240978962795 0.0274276124845389 0.9999999971155511 
1 50 1000 1001 956000 0.029436762339696585 0.02764085711464831 0.9999999971125307 
1 50 1000 1001 957000 0.029035800988138783 0.027924076032990817 0.9999999971095083 
1 50 1000 1001 958000 0.030393910310743927 0.027889748775370062 0.9999999971064886 
1 50 1000 1001 959000 0.029426090052469742 0.028561358420974074 0.9999999971034677 
1 50 1000 1001 960000 0.028893365353802564 0.027512868652514965 0.9999999971004474 
1 50 1000 1001 961000 0.028842684652362217 0.028156216988407003 0.9999999970974264 
1 50 1000 1001 962000 0.029696493403326547 0.027764565126217132 0.9999999970944077 
1 50 1000 1001 963000 0.029568270862314793 0.028414928687041922 0.9999999970913881 
1 50 1000 1001 964000 0.029785944117279535 0.027874398425564505 0.9999999970883664 
1 50 1000 1001 965000 0.029940291204502204 0.02753857855361243 0.9999999970853463 
1 50 1000 1001 966000 0.030397457825770063 0.02784528666896745 0.9999999970823262 
1 50 1000 1001 967000 0.029656869889095577 0.02765849402318221 0.9999999970793055 
1 50 1000 1001 968000 0.029004491704061046 0.027975424190768015 0.9999999970762844 
1 50 1000 1001 969000 0.028837013649614194 0.02817499740641874 0.9999999970732651 
1 50 1000 1001 970000 0.029005764542117625 0.028513996093419723 0.9999999970702447 
1 50 1000 1001 971000 0.029782770318462846 0.027618027018073223 0.9999999970672245 
1 50 1000 1001 972000 0.028902681801895504 0.027611112372982093 0.999999997064204 
1 50 1000 1001 973000 0.028789484835143018 0.026964820045326736 0.9999999970611839 
1 50 1000 1001 974000 0.029336463677278556 0.027759601581345113 0.9999999970581632 
1 50 1000 1001 975000 0.029306382030912202 0.028205665078477674 0.999999997055143 
1 50 1000 1001 976000 0.02886599115441475 0.02894981321559157 0.999999997052123 
1 50 1000 1001 977000 0.028556547318469242 0.02812349952678744 0.9999999970491014 
1 50 1000 1001 978000 0.02750568480348419 0.027967790382806678 0.9999999970460829 
1 50 1000 1001 979000 0.02783182942756908 0.028012551349148658 0.999999997043062 
1 50 1000 1001 980000 0.02903630671292932 0.028024767961166052 0.9999999970400428 
1 50 1000 1001 981000 0.029292351901828186 0.02745353613594384 0.9999999970370209 
1 50 1000 1001 982000 0.028518022581642936 0.02859149884156883 0.9999999970340006 
1 50 1000 1001 983000 0.027658614215204443 0.027077239566091996 0.99999999703098 
1 50 1000 1001 984000 0.02890364448961699 0.028221113593588882 0.9999999970279596 
1 50 1000 1001 985000 0.029678888221321694 0.028356831942705964 0.9999999970249405 
1 50 1000 1001 986000 0.02936121574022997 0.027664561092597326 0.9999999970219181 
1 50 1000 1001 987000 0.029448512212363425 0.027719566901158413 0.9999999970188982 
1 50 1000 1001 988000 0.02828409642881534 0.02801221787967807 0.9999999970158786 
1 50 1000 1001 989000 0.028480756921091685 0.0285814942525045 0.9999999970128587 
1 50 1000 1001 990000 0.029090977624728013 0.028361499977497446 0.9999999970098387 
1 50 1000 1001 991000 0.029044216879109356 0.02821970750837129 0.9999999970068185 
1 50 1000 1001 992000 0.03011578237465303 0.027563883308218594 0.9999999970037972 
1 50 1000 1001 993000 0.02962151741584614 0.026953324817194327 0.9999999970007775 
1 50 1000 1001 994000 0.02954681204006442 0.028626614450261628 0.9999999969977571 
1 50 1000 1001 995000 0.03006069479754763 0.027725693935089384 0.9999999969947361 
1 50 1000 1001 996000 0.029060369130437313 0.02802552074605825 0.9999999969917155 
1 50 1000 1001 997000 0.02913829694465908 0.02855883796866943 0.9999999969886953 
1 50 1000 1001 998000 0.02934289636302927 0.028608024722711924 0.9999999969856755 
1 50 1000 1001 999000 0.02994558440228235 0.02746126840522449 0.9999999969826544 
1 50 1000 1001 1000000 0.02902800346260449 0.027996932560116962 0.999999996979636 

